1	32	2326
1	80	531
1	84	4025
1	88	2384
1	122	1390
1	152	57
1	162	1585
1	194	1780
1	265	1300
1	275	2857
2	7	294
2	13	153
2	31	1955
2	52	734
2	70	506
2	84	379
2	95	74
2	114	4266
2	117	2
2	184	4
3	6	2048
3	40	808
3	67	448
3	84	3679
3	116	1313
3	117	396
3	193	2367
3	206	897
3	210	536
3	280	1313
4	31	2254
4	64	2168
4	88	432
4	90	138
4	91	400
4	100	3012
4	103	3175
4	118	2119
4	166	1316
4	262	1199
5	7	937
5	32	1524
5	65	9
5	71	2323
5	84	417
5	117	5149
5	152	359
5	157	1326
5	174	288
5	277	927
6	47	1010
6	51	454
6	72	490
6	93	1127
6	100	1318
6	115	504
6	118	1488
6	153	956
6	244	6
6	288	248
7	4	2910
7	14	612
7	43	2063
7	44	1254
7	83	2729
7	114	1927
7	199	3214
7	245	806
7	266	4225
7	267	163
1,3	7	2047,1665
1,3	20	1739,387
1,3	120	1657,672
1,3	135	1296,1827
1,3	149	663,517
1,3	157	2844,1625
1,3	188	161,1785
1,3	208	73,301
1,3	217	1999,1751
1,3	273	168,862
1,4	10	7098,4052
1,4	36	1740,1136
1,4	83	3605,1892
1,4	107	1770,2026
1,4	111	485,1674
1,4	164	300,221
1,4	196	54,1542
1,4	214	938,667
1,4	228	858,418
1,4	281	1254,2506
1,5	9	531,1006
1,5	18	180,126
1,5	44	850,589
1,5	58	913,1444
1,5	63	1337,221
1,5	81	601,709
1,5	85	1306,1273
1,5	146	18,720
1,5	210	247,462
1,5	287	1465,430
1,6	27	2960,3398
1,6	79	809,704
1,6	83	3605,2834
1,6	84	4025,3601
1,6	91	661,2270
1,6	98	3676,1232
1,6	106	429,1269
1,6	134	1700,2552
1,6	148	994,573
1,6	283	795,954
1,7	10	7098,3496
1,7	14	1106,612
1,7	20	1739,1382
1,7	33	985,259
1,7	117	1790,3790
1,7	159	1340,533
1,7	229	1803,1096
1,7	261	2289,1524
1,7	270	1006,1796
1,7	279	135,113
2,3	80	1043,541
2,3	89	7,108
2,3	104	2171,2196
2,3	125	107,443
2,3	148	459,2294
2,3	162	1300,861
2,3	167	853,1296
2,3	217	4399,1751
2,3	270	307,1079
2,3	275	798,2784
2,4	56	2546,1397
2,4	88	336,432
2,4	98	1703,796
2,4	111	968,1674
2,4	115	698,2215
2,4	118	1886,2119
2,4	228	328,418
2,4	231	2591,2489
2,4	284	2231,1425
2,4	288	1394,540
2,5	20	1971,2269
2,5	29	341,723
2,5	36	178,1789
2,5	43	3367,3126
2,5	81	1583,709
2,5	83	4414,1783
2,5	171	1406,1671
2,5	188	2286,265
2,5	223	728,1017
2,5	261	235,2124
2,6	1	2873,1141
2,6	10	401,1540
2,6	44	388,3089
2,6	93	454,1127
2,6	129	534,1255
2,6	142	731,517
2,6	219	2037,217
2,6	221	395,709
2,6	225	81,7
2,6	228	328,4024
2,7	5	110,1990
2,7	30	151,1402
2,7	32	2438,86
2,7	63	345,1188
2,7	81	1583,287
2,7	85	763,1457
2,7	99	1025,766
2,7	135	1094,1720
2,7	149	658,1434
2,7	172	1013,599
3,6	15	1040,2571
3,6	22	234,399
3,6	23	187,365
3,6	76	1418,1439
3,6	84	3679,3601
3,6	166	1259,1543
3,6	172	1560,886
3,6	190	493,296
3,6	271	1390,703
3,6	280	1313,640
3,7	1	1072,2509
3,7	28	498,44
3,7	44	1677,1254
3,7	58	443,1169
3,7	95	1502,134
3,7	116	1313,412
3,7	119	624,141
3,7	171	637,128
3,7	207	231,439
3,7	265	951,1114
4,6	31	2254,1637
4,6	61	851,404
4,6	90	138,422
4,6	103	3175,742
4,6	196	1542,2550
4,6	226	44,248
4,6	237	456,319
4,6	242	137,204
4,6	281	2506,1336
4,6	286	2701,2727
4,7	91	400,3924
4,7	122	3818,2358
4,7	127	307,1500
4,7	160	539,64
4,7	167	1544,1985
4,7	180	195,718
4,7	216	2294,1702
4,7	217	328,306
4,7	246	177,693
4,7	253	298,679
5,6	17	563,688
5,6	29	723,867
5,6	52	1307,1536
5,6	107	688,962
5,6	122	1776,3580
5,6	148	1887,573
5,6	206	1626,392
5,6	217	4272,1011
5,6	231	207,2466
5,6	247	80,699
5,7	6	3086,2762
5,7	7	937,2366
5,7	14	793,612
5,7	37	1105,769
5,7	56	329,321
5,7	75	283,702
5,7	104	1349,1585
5,7	134	2569,2254
5,7	275	2944,1030
5,7	283	1401,1473
1,3,6	43	2053,770,3503
1,3,6	56	1785,1960,1442
1,3,6	114	3441,4457,1170
1,3,6	125	209,443,1768
1,3,6	153	1282,1164,956
1,3,6	165	488,2477,2658
1,3,6	167	3432,1296,178
1,3,6	180	228,1191,162
1,3,6	195	395,1945,572
1,3,6	262	1288,119,312
1,3,7	33	985,176,259
1,3,7	121	731,535,596
1,3,7	152	57,1322,594
1,3,7	157	2844,1625,1247
1,3,7	159	1340,2332,533
1,3,7	183	1006,937,236
1,3,7	186	652,1351,579
1,3,7	193	13,2367,19
1,3,7	194	1780,1872,1191
1,3,7	212	1234,659,923
1,4,6	19	1333,645,1237
1,4,6	64	2070,2168,387
1,4,6	65	284,821,50
1,4,6	92	236,917,529
1,4,6	95	910,426,719
1,4,6	118	123,2119,1488
1,4,6	123	33,212,116
1,4,6	185	554,170,953
1,4,6	198	857,643,286
1,4,6	266	1136,2239,4057
1,4,7	2	301,357,445
1,4,7	88	2384,432,1379
1,4,7	158	615,393,370
1,4,7	165	488,2018,898
1,4,7	195	395,1956,1035
1,4,7	223	2162,138,620
1,4,7	267	742,355,163
1,4,7	270	1006,359,1796
1,4,7	271	920,492,77
1,4,7	284	650,1425,410
1,5,6	31	67,2780,1637
1,5,6	35	1486,2465,945
1,5,6	41	1316,1655,516
1,5,6	45	177,1167,1258
1,5,6	70	694,543,671
1,5,6	162	1585,637,465
1,5,6	193	13,481,1056
1,5,6	199	333,2158,996
1,5,6	216	2455,1119,749
1,5,6	246	3381,235,802
1,5,7	5	449,859,1990
1,5,7	114	3441,3386,1927
1,5,7	120	1657,1122,114
1,5,7	121	731,329,596
1,5,7	135	1296,1146,1720
1,5,7	138	73,871,1950
1,5,7	176	29,675,106
1,5,7	182	237,652,733
1,5,7	212	1234,1516,923
1,5,7	278	336,687,1076
2,3,6	40	488,808,1245
2,3,6	79	2266,1416,704
2,3,6	111	968,413,155
2,3,6	134	932,5212,2552
2,3,6	159	1889,2332,1685
2,3,6	160	213,303,770
2,3,6	177	466,74,407
2,3,6	199	214,3479,996
2,3,6	245	930,262,312
2,3,6	288	1394,1143,248
2,3,7	10	401,2207,3496
2,3,7	20	1971,387,1382
2,3,7	27	1705,1210,1504
2,3,7	35	2547,594,611
2,3,7	55	789,1409,1388
2,3,7	188	2286,1785,1661
2,3,7	189	1127,1017,1271
2,3,7	210	488,536,194
2,3,7	229	1132,1419,1096
2,3,7	236	934,2195,1543
2,4,6	4	2369,1937,1117
2,4,6	47	929,742,1010
2,4,6	51	1211,1358,454
2,4,6	62	1765,610,222
2,4,6	72	1615,431,490
2,4,6	100	3542,3012,1318
2,4,6	150	266,374,643
2,4,6	161	844,1098,1900
2,4,6	206	204,1588,392
2,4,6	214	273,667,709
2,4,7	24	4,837,1562
2,4,7	71	17,551,223
2,4,7	84	379,2032,1277
2,4,7	93	454,1597,130
2,4,7	157	357,2170,1247
2,4,7	159	1889,1454,533
2,4,7	195	1368,1956,1035
2,4,7	199	214,3376,3214
2,4,7	245	930,1601,806
2,4,7	287	1384,111,1659
2,5,6	25	1015,1412,1291
2,5,6	64	1335,1316,387
2,5,6	91	3877,2989,2270
2,5,6	95	74,281,719
2,5,6	98	1703,1373,1232
2,5,6	100	3542,1822,1318
2,5,6	196	574,422,2550
2,5,6	210	488,462,207
2,5,6	279	1663,1647,1886
2,5,6	280	638,722,640
2,5,7	1	2873,178,2509
2,5,7	4	2369,3126,2910
2,5,7	27	1705,2733,1504
2,5,7	33	898,537,259
2,5,7	36	178,1789,1893
2,5,7	39	213,594,345
2,5,7	45	33,1167,928
2,5,7	183	90,620,236
2,5,7	266	2227,915,4225
2,5,7	272	108,898,1593
