1	32	2326,2601,1295
1	80	531,1795,1174
1	84	4025,1494,2644
1	88	2384,143,1309
1	122	1390,1231,3052
1	152	57,1031,1162
1	162	1585,1555,1424
1	194	1780,517,979
1	265	1300,872,1226
1	275	2857,2929,1957
2	7	294,1864,494
2	13	153,199,136
2	31	1955,103,1881
2	52	734,320,674
2	70	506,304,288
2	84	379,5601,2465
2	95	74,1955,2310
2	114	4266,138,1332
2	117	2,907,2560
2	184	322,387,4
3	6	2048,3698,1498
3	40	808,906,932
3	67	448,340,357
3	84	3679,2653,4924
3	116	1313,753,615
3	117	396,547,5138
3	193	2367,4655,1966
3	206	897,555,770
3	210	536,1066,1177
3	280	1313,690,224
4	31	2254,2255,2748
4	64	2168,416,1784
4	88	432,736,130
4	90	138,453,196
4	91	400,2071,2821
4	100	3012,3237,81
4	103	3175,169,1291
4	118	2119,1265,1958
4	166	1316,2435,881
4	262	1552,1199,264
5	7	937,2363,3251
5	32	1524,625,1737
5	65	9,777,632
5	71	2323,2688,347
5	84	417,1251,5564
5	117	5149,1153,2843
5	152	359,1918,1025
5	157	1326,2980,2897
5	174	288,24,359
5	277	927,544,893
6	47	1010,111,515
6	51	454,1054,1291
6	72	490,359,1808
6	93	1127,284,1464
6	100	1318,896,961
6	115	504,232,1705
6	118	1488,931,298
6	153	956,1401,671
6	244	6,601,301
6	288	248,528,697
7	4	2910,2542,2556
7	14	612,318,176
7	43	2063,2448,1953
7	44	1254,2116,1030
7	83	2729,6175,1779
7	114	1927,4065,3075
7	199	3214,1186,1178
7	245	806,501,912
7	266	4225,58,3819
7	267	163,1355,1376
1,3	7	1978,2372,422
1,3	20	1404,1797,2367
1,3	120	507,650,163
1,3	135	1216,1827,1296
1,3	149	98,356,517
1,3	157	2242,1625,2491
1,3	188	1683,1785,1500
1,3	208	553,311,301
1,3	217	4271,2659,2410
1,3	273	862,1095,451
1,4	10	91,5655,4449
1,4	36	1740,1136,1179
1,4	83	3605,6957,4682
1,4	107	3023,2026,4308
1,4	111	383,550,54
1,4	164	743,9,221
1,4	196	1542,54,426
1,4	214	938,1159,667
1,4	228	418,858,4224
1,4	281	642,2506,1448
1,5	9	531,1006,444
1,5	18	126,1266,2110
1,5	44	850,1112,2538
1,5	58	689,1444,754
1,5	63	1337,1148,1479
1,5	81	709,488,873
1,5	85	42,1273,1306
1,5	146	477,720,132
1,5	210	9,30,462
1,5	287	430,1725,1584
1,6	27	3398,2345,251
1,6	79	2267,704,2775
1,6	83	3605,5441,6696
1,6	84	3227,435,3601
1,6	91	2506,2270,899
1,6	98	1232,3634,3676
1,6	106	1269,1173,379
1,6	134	1700,436,1912
1,6	148	1796,573,906
1,6	283	954,2017,2034
1,7	10	3496,1339,2520
1,7	14	1190,263,667
1,7	20	1382,2357,3440
1,7	33	1012,259,1387
1,7	117	5112,4155,286
1,7	159	1340,533,1209
1,7	229	1199,1096,514
1,7	261	1524,160,1631
1,7	270	1796,944,1006
1,7	279	2656,1040,1393
2,3	80	541,1396,1043
2,3	89	179,596,187
2,3	104	2171,2196,1120
2,3	125	1646,1206,107
2,3	148	1866,2294,1154
2,3	162	1300,861,1318
2,3	167	3082,1296,3456
2,3	217	4399,1751,1962
2,3	270	1040,1079,388
2,3	275	798,51,2784
2,4	56	2546,5073,3464
2,4	88	336,432,50
2,4	98	1707,1703,3673
2,4	111	968,1370,1059
2,4	115	1356,698,1667
2,4	118	1886,680,2119
2,4	228	300,418,328
2,4	231	2489,2490,1936
2,4	284	2231,1207,2576
2,4	288	1394,584,1522
2,5	20	1971,2323,2269
2,5	29	720,74,549
2,5	36	178,1762,2214
2,5	43	3367,3126,2613
2,5	81	1583,709,920
2,5	83	1783,4393,6301
2,5	171	39,1744,1456
2,5	188	265,861,2286
2,5	223	1017,1838,2102
2,5	261	2124,833,1923
2,6	1	303,1141,782
2,6	10	2185,454,401
2,6	44	4887,1877,5219
2,6	93	1494,1511,1127
2,6	129	1075,429,925
2,6	142	602,746,16
2,6	219	531,1271,217
2,6	221	991,992,1630
2,6	225	82,496,516
2,6	228	4149,4024,1429
2,7	5	1990,199,110
2,7	30	750,339,405
2,7	32	86,2438,2156
2,7	63	1188,345,685
2,7	81	1583,1428,920
2,7	85	763,943,1457
2,7	99	1025,1382,766
2,7	135	887,1094,1679
2,7	149	1434,678,806
2,7	172	1013,1203,24
3,6	15	1040,1444,1286
3,6	22	399,602,252
3,6	23	365,187,820
3,6	76	1100,1439,1036
3,6	84	2897,4637,3601
3,6	166	874,1543,1259
3,6	172	253,1560,1567
3,6	190	357,723,474
3,6	271	703,1390,892
3,6	280	506,1330,296
3,7	1	2509,113,1726
3,7	28	44,16,587
3,7	44	3437,2116,3097
3,7	58	443,784,1246
3,7	95	134,2537,899
3,7	116	1313,31,577
3,7	119	624,765,468
3,7	171	10,1637,128
3,7	207	231,330,439
3,7	265	1114,121,1024
4,6	31	2437,2946,1673
4,6	61	1244,550,140
4,6	90	138,713,831
4,6	103	1289,3175,2217
4,6	196	2550,2896,1585
4,6	226	44,301,362
4,6	237	319,380,93
4,6	242	204,328,258
4,6	281	409,2580,2036
4,6	286	2717,897,2727
4,7	91	400,2071,2754
4,7	122	3367,696,2358
4,7	127	1500,1410,307
4,7	160	468,539,64
4,7	167	1985,276,2988
4,7	180	718,1330,195
4,7	216	1702,2444,586
4,7	217	328,3598,3215
4,7	246	177,693,2604
4,7	253	298,706,147
5,6	17	563,964,1099
5,6	29	254,1574,1131
5,6	52	1307,2224,2581
5,6	107	28,3085,688
5,6	122	1759,3516,1776
5,6	148	1887,1396,1736
5,6	206	392,548,303
5,6	217	4531,3123,1011
5,6	231	2020,2599,2466
5,6	247	874,699,473
5,7	6	3086,1265,594
5,7	7	1260,937,2363
5,7	14	1007,612,985
5,7	37	157,769,1105
5,7	56	329,1026,1533
5,7	75	702,562,283
5,7	104	1349,1585,3132
5,7	134	2569,5738,5507
5,7	275	2944,1341,910
5,7	283	1473,1753,92
1,3,6	43	748,770,2667
1,3,6	56	1960,1216,2424
1,3,6	114	2122,5238,4457
1,3,6	125	936,103,576
1,3,6	153	1164,1404,959
1,3,6	165	488,458,2437
1,3,6	167	109,3529,199
1,3,6	180	203,1191,909
1,3,6	195	1945,1437,1908
1,3,6	262	600,1797,1817
1,3,7	33	1661,689,1387
1,3,7	121	298,230,208
1,3,7	152	1074,204,1449
1,3,7	157	2242,1247,2802
1,3,7	159	1642,2877,2878
1,3,7	183	1303,1684,1236
1,3,7	186	808,1185,898
1,3,7	193	2367,1303,2463
1,3,7	194	614,1823,2095
1,3,7	212	550,1172,1538
1,4,6	19	645,167,1263
1,4,6	64	1956,1210,387
1,4,6	65	50,287,916
1,4,6	92	322,529,402
1,4,6	95	719,2003,287
1,4,6	118	2119,931,2168
1,4,6	123	116,188,350
1,4,6	185	953,929,1371
1,4,6	198	643,286,1161
1,4,6	266	4057,1236,1211
1,4,7	2	301,1441,764
1,4,7	88	762,792,2458
1,4,7	158	393,397,749
1,4,7	165	1539,488,609
1,4,7	195	1035,395,1739
1,4,7	223	620,1385,1140
1,4,7	267	1376,355,1355
1,4,7	270	1796,944,1006
1,4,7	271	638,1534,920
1,4,7	284	650,711,2207
1,5,6	31	2780,11,1637
1,5,6	35	1486,2772,1889
1,5,6	41	1655,1016,1107
1,5,6	45	1167,1258,643
1,5,6	70	662,783,671
1,5,6	162	637,1216,1217
1,5,6	193	3974,1056,13
1,5,6	199	2158,996,3327
1,5,6	216	2455,1119,571
1,5,6	246	2088,235,3158
1,5,7	5	1990,859,1525
1,5,7	114	3386,1927,1329
1,5,7	120	316,1657,1122
1,5,7	121	568,131,596
1,5,7	135	1296,1146,1174
1,5,7	138	73,1950,1941
1,5,7	176	1033,166,739
1,5,7	182	239,25,733
1,5,7	212	1172,771,1516
1,5,7	278	1263,773,1076
2,3,6	40	749,158,1291
2,3,6	79	2266,2227,272
2,3,6	111	1060,946,387
2,3,6	134	3893,4532,5124
2,3,6	159	2641,2581,2332
2,3,6	160	770,216,176
2,3,6	177	282,74,466
2,3,6	199	829,136,3365
2,3,6	245	1717,849,266
2,3,6	288	584,1809,528
2,3,7	10	401,3496,4661
2,3,7	20	1382,3496,1971
2,3,7	27	2168,1705,2938
2,3,7	35	611,917,2547
2,3,7	55	896,836,1388
2,3,7	188	2380,1785,1868
2,3,7	189	1017,1260,1477
2,3,7	210	543,793,488
2,3,7	229	1419,1201,1096
2,3,7	236	2195,2101,626
2,4,6	4	1065,2369,1117
2,4,6	47	929,1189,1082
2,4,6	51	812,814,799
2,4,6	62	1700,222,1360
2,4,6	72	359,1658,760
2,4,6	100	81,3042,649
2,4,6	150	300,69,447
2,4,6	161	599,1900,1961
2,4,6	206	548,652,267
2,4,6	214	889,434,1123
2,4,7	24	4,1564,796
2,4,7	71	17,289,2273
2,4,7	84	379,2584,5601
2,4,7	93	454,1375,1511
2,4,7	157	1247,357,969
2,4,7	159	1786,1889,3429
2,4,7	195	1035,1368,1748
2,4,7	199	136,3006,3141
2,4,7	245	806,1248,501
2,4,7	287	111,1384,270
2,5,6	25	1015,1685,1863
2,5,6	64	95,1233,772
2,5,6	91	3877,2741,2506
2,5,6	95	2003,281,1372
2,5,6	98	3788,3673,533
2,5,6	100	3042,961,2562
2,5,6	196	2466,91,2553
2,5,6	210	462,737,207
2,5,6	279	1402,590,2397
2,5,6	280	1264,640,1309
2,5,7	1	2873,265,1925
2,5,7	4	2369,2910,2949
2,5,7	27	2733,2168,1705
2,5,7	33	898,1203,1707
2,5,7	36	178,2219,1762
2,5,7	39	290,213,595
2,5,7	45	59,1167,1462
2,5,7	183	620,1312,90
2,5,7	266	338,2334,3459
2,5,7	272	1593,898,454
