FILM	HA	LA	CO	BA	FR	GM	BM
1     	341	2873	1072	3012	178	1141	2509	
2     	301	1449	1537	357	377	610	445	
3     	277	202	462	339	308	267	214	
4     	450	2369	2356	1937	3126	1117	2910	
5     	449	110	526	1057	859	2397	1990	
6     	3105	3024	2048	342	3086	3774	2762	
7     	2047	294	1665	230	937	1836	2366	
8     	598	128	213	537	219	99	144	
9     	531	173	911	1583	1006	1308	344	
10    	7098	401	2207	4052	3897	1540	3496	
11    	1616	202	880	1157	418	540	595	
12    	152	787	766	599	390	462	767	
13    	191	153	336	338	640	23	357	
14    	1106	394	649	227	793	511	612	
15    	1062	913	1040	537	348	2571	2219	
16    	19	361	326	223	155	380	109	
17    	217	593	515	633	563	688	28	
18    	180	1084	574	985	126	1905	1844	
19    	1333	1271	278	645	478	1237	1312	
20    	1739	1971	387	2566	2269	2194	1382	
21    	529	546	948	865	129	630	741	
22    	822	482	234	356	24	399	653	
23    	669	517	187	561	42	365	236	
24    	1271	4	93	837	2404	1368	1562	
25    	1141	1015	1101	1945	1412	1291	1129	
26    	94	510	572	25	349	231	48	
27    	2960	1705	1210	2614	2733	3398	1504	
28    	14	702	498	791	532	1087	44	
29    	1020	341	58	682	723	867	131	
30    	1952	151	1504	731	1266	1656	1402	
31    	67	1955	606	2254	2780	1637	577	
32    	2326	2438	960	2589	1524	1321	86	
33    	985	898	176	133	537	1389	259	
34    	735	633	643	804	455	566	807	
35    	1486	2547	594	128	2465	945	611	
36    	1740	178	2311	1136	1789	1499	1893	
37    	1017	186	158	1301	1105	60	769	
38    	1050	725	434	180	1104	397	707	
39    	643	213	384	636	594	2	345	
40    	603	488	808	307	890	1245	782	
41    	1316	152	1362	147	1655	516	892	
42    	86	474	153	682	593	285	205	
43    	2053	3367	770	997	3126	3503	2063	
44    	850	388	1677	1781	589	3089	1254	
45    	177	33	1039	1277	1167	1258	928	
46    	631	259	271	99	2	123	511	
47    	346	929	782	742	885	1010	367	
48    	856	357	680	993	523	823	903	
49    	345	384	337	78	122	215	264	
50    	549	520	323	67	140	685	238	
51    	314	1211	17	1358	1704	454	1717	
52    	851	734	2412	2196	1307	1536	2590	
53    	455	581	640	686	221	594	972	
54    	223	117	125	103	149	102	228	
55    	1398	789	1409	903	1844	1328	1388	
56    	1785	2546	1960	1397	329	1442	321	
57    	555	30	310	35	494	131	165	
58    	913	46	443	879	1444	281	1169	
59    	712	672	49	247	484	475	210	
60    	309	83	311	148	330	372	242	
61    	1183	244	1154	851	840	404	95	
62    	1459	1765	835	610	605	222	1216	
63    	1337	345	259	1017	221	936	1188	
64    	2070	1335	308	2168	1316	387	489	
65    	284	389	1005	821	9	50	965	
66    	421	574	405	776	464	135	614	
67    	180	291	448	54	64	381	476	
68    	65	272	240	600	570	405	110	
69    	337	650	174	255	558	745	302	
70    	694	506	566	547	543	671	695	
71    	339	17	845	551	2323	1340	223	
72    	1914	1615	827	431	1788	490	515	
73    	94	2	65	29	19	103	101	
74    	451	329	50	118	244	285	30	
75    	808	408	760	664	283	130	702	
76    	1069	579	1418	838	1347	1439	1044	
77    	146	23	95	55	59	86	25	
78    	141	993	602	199	521	786	411	
79    	809	2266	1416	718	2546	704	232	
80    	531	1043	541	1580	2097	706	445	
81    	601	1583	667	1039	709	1149	287	
82    	194	212	1031	295	1153	912	781	
83    	3605	4414	4758	1892	1783	2834	2729	
84    	4025	379	3679	2032	417	3601	1277	
85    	1306	763	270	695	1273	971	1457	
86    	152	71	52	212	237	264	313	
87    	187	364	106	317	936	214	371	
88    	2384	336	292	432	2465	1624	1379	
89    	180	7	108	213	409	342	98	
90    	770	384	608	138	567	422	1056	
91    	661	3877	857	400	2989	2270	3924	
92    	236	414	721	917	941	529	928	
93    	348	454	466	1597	957	1127	130	
94    	150	164	55	194	134	82	48	
95    	910	74	1502	426	281	719	134	
96    	267	504	812	288	144	331	80	
97    	524	467	162	174	77	432	35	
98    	3676	1703	3507	796	1373	1232	2539	
99    	240	1025	403	195	769	945	766	
100   	451	3542	244	3012	1822	1318	1550	
101   	482	333	480	271	373	121	231	
102   	530	373	182	284	301	385	53	
103   	2515	910	1252	3175	934	742	200	
104   	2268	2171	2196	2045	1349	109	1585	
105   	428	36	328	1080	942	1550	1562	
106   	429	1427	1279	264	480	1269	169	
107   	1770	3660	3761	2026	688	962	2700	
108   	916	579	183	4	284	494	11	
109   	158	756	197	409	46	122	322	
110   	1267	506	1140	200	339	1092	1157	
111   	485	968	413	1674	847	155	940	
112   	300	124	101	133	104	28	295	
113   	757	915	217	36	263	338	626	
114   	3441	4266	4457	467	3386	1170	1927	
115   	2047	698	1693	2215	1484	504	1768	
116   	739	1194	1313	1334	763	669	412	
117   	1790	2	396	2346	5149	412	3790	
118   	123	1886	3035	2119	802	1488	1135	
119   	718	746	624	283	361	221	141	
120   	1657	980	672	835	1122	18	114	
121   	731	152	535	597	329	6	596	
122   	1390	3645	2138	3818	1776	3580	2358	
123   	33	437	174	212	153	116	241	
124   	41	69	7	159	36	194	15	
125   	209	107	443	1251	658	1768	334	
126   	163	354	196	121	211	150	130	
127   	126	811	1619	307	514	1118	1500	
128   	169	117	675	655	284	58	440	
129   	166	534	1046	1056	418	1255	598	
130   	351	342	138	429	568	46	77	
131   	195	293	183	73	292	313	70	
132   	492	368	3	8	105	2	125	
133   	432	138	359	162	443	163	477	
134   	1700	932	5212	47	2569	2552	2254	
135   	1296	1094	1827	702	1146	1319	1720	
136   	80	69	227	98	169	345	374	
137   	643	1086	1242	1499	1448	189	1609	
138   	73	435	204	830	871	770	1950	
139   	199	91	430	14	336	472	89	
140   	151	343	171	6	86	324	529	
141   	15	544	765	181	313	868	309	
142   	470	731	559	197	526	517	189	
143   	24	193	192	324	343	479	237	
144   	140	182	266	361	192	326	193	
145   	367	413	45	490	287	463	212	
146   	18	1007	569	576	720	91	458	
147   	41	588	17	12	546	15	288	
148   	994	459	2294	197	1887	573	2070	
149   	663	658	517	693	2190	958	1434	
150   	92	266	509	374	25	643	210	
151   	230	246	273	684	963	823	976	
152   	57	1019	1322	1424	359	1280	594	
153   	1282	1386	1164	585	297	956	484	
154   	429	71	76	169	1013	16	242	
155   	864	952	411	540	462	708	306	
156   	148	219	820	1448	32	1083	536	
157   	2844	357	1625	2170	1326	2691	1247	
158   	615	919	417	393	190	1165	370	
159   	1340	1889	2332	1454	503	1685	533	
160   	553	213	303	539	803	770	64	
161   	227	844	957	1098	2328	1900	820	
162   	1585	1300	861	1155	637	465	930	
163   	161	593	355	570	305	502	153	
164   	300	349	756	221	280	47	460	
165   	488	990	2477	2018	2064	2658	898	
166   	1001	1680	1259	1316	1800	1543	1506	
167   	3432	853	1296	1544	1881	178	1985	
168   	12	636	213	155	219	341	211	
169   	89	339	393	337	366	201	108	
170   	128	151	66	35	38	110	45	
171   	879	1406	637	1869	1671	1073	128	
172   	351	1013	1560	81	488	886	599	
173   	246	107	191	278	73	264	149	
174   	432	437	253	392	288	60	314	
175   	23	49	113	198	170	32	134	
176   	29	791	964	1005	675	27	106	
177   	264	466	74	197	311	407	308	
178   	182	97	345	298	152	440	283	
179   	517	173	505	660	846	290	80	
180   	228	811	1191	195	797	162	718	
181   	624	1158	873	481	720	651	123	
182   	237	233	430	772	652	743	733	
183   	1006	90	937	409	620	1367	236	
184   	65	4	152	23	70	287	377	
185   	554	244	1564	170	1363	953	1087	
186   	652	141	1351	336	1266	1037	579	
187   	573	1	302	483	480	292	36	
188   	161	2286	1785	2127	265	20	1661	
189   	858	1127	1017	749	1555	643	1271	
190   	982	760	493	142	1237	296	483	
191   	141	182	129	236	38	238	110	
192   	576	384	1235	505	52	548	893	
193   	13	3840	2367	4727	481	1056	19	
194   	1780	908	1872	289	727	1431	1191	
195   	395	1368	1945	1956	1355	572	1035	
196   	54	574	325	1542	422	2550	3034	
197   	347	677	602	463	651	432	759	
198   	857	106	1103	643	245	286	307	
199   	333	214	3479	3376	2158	996	3214	
200   	570	706	499	878	8	717	326	
201   	341	308	28	15	140	125	373	
202   	40	368	377	343	132	606	323	
203   	777	1099	344	859	57	802	840	
204   	119	23	43	129	6	90	41	
205   	318	72	794	1419	1921	630	1770	
206   	101	204	897	1588	1626	392	1641	
207   	558	459	231	103	684	175	439	
208   	73	201	301	1011	979	886	386	
209   	71	61	144	100	102	104	151	
210   	247	488	536	710	462	207	194	
211   	93	189	129	196	12	272	1	
212   	1234	27	659	936	1516	864	923	
213   	613	1770	1279	407	1289	256	1235	
214   	938	273	545	667	1005	709	390	
215   	435	47	62	333	115	49	171	
216   	2455	2131	1582	2294	1119	749	1702	
217   	1999	4399	1751	328	4272	1011	306	
218   	459	239	709	430	646	332	243	
219   	990	2037	514	1118	583	217	1956	
220   	557	497	39	719	637	593	13	
221   	1032	395	497	1024	815	709	1163	
222   	514	28	443	162	825	533	435	
223   	2162	728	1321	138	1017	767	620	
224   	209	96	155	68	290	234	295	
225   	275	81	575	472	518	7	920	
226   	561	35	490	44	107	248	230	
227   	77	11	245	4	222	149	253	
228   	858	328	2308	418	1341	4024	1064	
229   	1803	1132	1419	729	115	1573	1096	
230   	99	85	112	100	69	62	143	
231   	1612	2591	192	2489	207	2466	1445	
232   	272	448	12	346	109	346	102	
233   	77	13	52	52	107	105	55	
234   	88	82	79	2	80	3	76	
235   	10	31	33	65	78	4	19	
236   	319	934	2195	258	2379	1581	1543	
237   	44	140	159	456	324	319	147	
238   	231	352	389	199	74	30	101	
239   	698	890	439	726	1068	310	936	
240   	13	74	93	12	95	99	79	
241   	164	230	67	403	308	398	28	
242   	4	335	308	137	266	204	216	
243   	41	234	292	23	254	36	267	
244   	195	351	289	519	119	6	571	
245   	282	930	262	1601	602	312	806	
246   	3381	1376	386	177	235	802	693	
247   	711	37	758	111	80	699	279	
248   	65	90	160	39	345	403	206	
249   	2	104	47	22	75	4	39	
250   	163	572	91	198	273	288	455	
251   	453	119	297	164	217	230	325	
252   	152	144	139	156	19	93	148	
253   	155	383	365	298	64	378	679	
254   	514	387	289	368	162	574	210	
255   	286	220	1	263	19	81	155	
256   	33	111	66	11	107	47	64	
257   	68	78	85	111	63	28	13	
258   	281	245	55	166	234	129	162	
259   	348	674	195	562	396	634	352	
260   	15	20	40	53	33	100	62	
261   	2289	235	271	197	2124	83	1524	
262   	1288	662	119	1199	303	312	563	
263   	120	106	25	180	7	93	99	
264   	370	437	142	449	616	62	50	
265   	1300	469	951	1537	1117	312	1114	
266   	1136	2227	2745	2239	915	4057	4225	
267   	742	604	1497	355	281	888	163	
268   	114	242	202	205	64	267	253	
269   	431	190	61	324	496	230	327	
270   	1006	307	1079	359	691	562	1796	
271   	920	1324	1390	492	554	703	77	
272   	514	108	660	362	898	167	1593	
273   	168	214	862	794	1013	388	1135	
274   	548	117	297	41	602	491	453	
275   	2857	798	2784	3296	2944	2638	1030	
276   	454	58	135	557	182	110	293	
277   	361	1215	1044	531	927	329	376	
278   	336	1221	1227	1308	687	1468	1076	
279   	135	1663	699	2321	1647	1886	113	
280   	164	638	1313	1020	722	640	289	
281   	1254	2169	676	2506	2346	1336	135	
282   	169	95	141	117	648	10	159	
283   	795	1638	1187	335	1401	954	1473	
284   	650	2231	811	1425	225	1230	410	
285   	897	398	331	546	68	147	401	
286   	577	977	671	2701	293	2727	623	
287   	1465	1384	1269	111	430	1302	1659	
288   	274	1394	1143	540	91	248	1089	
