FILM                    	HA	LA	CO	BA	FR	GM	BM
Pulp Fiction            	0.2804	0.3448	0.3014	0.2632	0.2641	0.4683	0.3567	
Lawrence of Arabia      	0.3505	0.2410	0.2858	0.2569	0.2687	0.3064	0.2409	
Modern Times            	0.1724	0.2329	0.2489	0.2532	0.1734	0.4557	0.1524	
Goodfellas              	0.2887	0.3429	0.2686	0.2630	0.2634	0.3995	0.4079	
Apocalypse Now          	0.3065	0.3399	0.3013	0.2160	0.3010	0.3349	0.3225	
Casablanca              	0.3167	0.3165	0.4732	0.2437	0.3218	0.3664	0.2792	
The Shawshank Redemption	0.3268	0.3980	0.4082	0.2707	0.4800	0.3794	0.3108	
Rashomon                	0.3117	0.3178	0.2656	0.2100	0.2393	0.2556	0.2334	
The Third Man           	0.3376	0.3087	0.2949	0.2266	0.3235	0.3541	0.2469	
The Dark Knight         	0.3541	0.3647	0.3166	0.3195	0.2790	0.4544	0.3797	
Chinatown               	0.3411	0.2794	0.2847	0.2072	0.2401	0.3369	0.2308	
Double Indemnity        	0.2193	0.3080	0.3199	0.1853	0.2757	0.2777	0.1894	
Ikiru                   	0.3054	0.4547	0.3101	0.2148	0.2404	0.2931	0.2533	
Raging Bull             	0.2778	0.2643	0.3190	0.1888	0.3058	0.2567	0.5449	
North by Northwest      	0.2970	0.3102	0.3684	0.2481	0.2403	0.4350	0.2437	
Tokyo Story             	0.2880	0.3626	0.3289	0.1996	0.2145	0.3032	0.1587	
All About Eve           	0.2611	0.2667	0.2731	0.2515	0.3361	0.3843	0.2334	
The Silence of the Lambs	0.3242	0.2501	0.3183	0.2099	0.3399	0.3198	0.2995	
Toy Story               	0.2313	0.2277	0.1750	0.4017	0.2182	0.4004	0.1321	
Saving Private Ryan     	0.3391	0.3738	0.3738	0.2379	0.3228	0.3457	0.3814	
Back to the Future      	0.1933	0.2445	0.1775	0.2866	0.2283	0.4503	0.1590	
Annie Hall              	0.2220	0.2728	0.4138	0.2370	0.2269	0.4620	0.1712	
It Happened One Night   	0.1898	0.2640	0.4173	0.2480	0.1884	0.4040	0.1490	
Aliens                  	0.2667	0.3084	0.2607	0.2542	0.2314	0.3964	0.2837	
Amadeus                 	0.3016	0.2966	0.2934	0.2484	0.2625	0.3931	0.2759	
La Dolce Vita           	0.2981	0.2014	0.2953	0.2622	0.2386	0.3996	0.2073	
The Shining             	0.3140	0.3324	0.3002	0.2810	0.2858	0.4455	0.2811	
The Best Years of Our Lives	0.2890	0.2531	0.3911	0.2218	0.2953	0.3158	0.2654	
Fargo                   	0.2770	0.3420	0.2896	0.2488	0.3077	0.4789	0.3115	
Reservoir Dogs          	0.2798	0.3328	0.2266	0.2287	0.2481	0.3876	0.3706	
My Neighbor Totoro      	0.2657	0.4008	0.2794	0.5449	0.3000	0.4898	0.2324	
Memento                 	0.4134	0.3538	0.3166	0.2134	0.3851	0.3670	0.3085	
The Pianist             	0.3371	0.3105	0.3755	0.2465	0.3071	0.2983	0.3220	
Cool Hand Luke          	0.2603	0.2799	0.2255	0.2159	0.2330	0.3572	0.2078	
Jaws                    	0.2568	0.3299	0.2788	0.2771	0.2796	0.4236	0.2915	
To Kill a Mockingbird   	0.3446	0.3699	0.2718	0.3414	0.3318	0.3612	0.2592	
Once Upon a Time in America	0.3125	0.2674	0.2729	0.2777	0.3147	0.3016	0.2792	
Barry Lyndon            	0.3419	0.2700	0.3196	0.2488	0.2297	0.3611	0.2328	
The Grapes of Wrath     	0.2745	0.2970	0.2092	0.2558	0.2892	0.2736	0.2506	
Before Sunset           	0.2990	0.3289	0.5152	0.2323	0.2726	0.3592	0.1953	
The Usual Suspects      	0.3058	0.3161	0.2011	0.2261	0.2487	0.4250	0.2555	
Strangers on a Train    	0.2507	0.2690	0.2747	0.1882	0.1877	0.2908	0.1921	
The Departed            	0.3411	0.3562	0.2945	0.2246	0.2925	0.4148	0.4123	
Fight Club              	0.3609	0.3393	0.3400	0.2601	0.3065	0.4673	0.4763	
Full Metal Jacket       	0.2941	0.2657	0.2645	0.2119	0.2614	0.4081	0.3294	
Dog Day Afternoon       	0.2179	0.2067	0.3177	0.2113	0.1888	0.3283	0.2201	
This Is Spinal Tap      	0.2277	0.3098	0.2024	0.2797	0.2354	0.6099	0.1224	
Die Hard                	0.2084	0.2393	0.2928	0.2440	0.1690	0.3979	0.2392	
Duck Soup               	0.2103	0.2823	0.1801	0.2002	0.2173	0.3752	0.1789	
Trainspotting           	0.2395	0.2385	0.2504	0.2519	0.2666	0.4090	0.2053	
Young Frankenstein      	0.2204	0.3339	0.2264	0.2973	0.2429	0.6086	0.2007	
Forrest Gump            	0.3093	0.4353	0.3559	0.3036	0.3137	0.4344	0.2248	
The Graduate            	0.2899	0.2722	0.3177	0.2477	0.2094	0.4056	0.1946	
Incendies               	0.1908	0.1259	0.1930	0.1622	0.1821	0.1710	0.2078	
The Terminator          	0.2304	0.3131	0.3110	0.2372	0.2391	0.3635	0.2888	
The Matrix              	0.3220	0.3400	0.3093	0.3169	0.2886	0.4148	0.3116	
Talk to Her             	0.3270	0.2912	0.3550	0.1781	0.2574	0.2636	0.1568	
Good Will Hunting       	0.3054	0.2663	0.3710	0.2361	0.3451	0.3431	0.2885	
Frankenstein            	0.2639	0.2316	0.2565	0.2106	0.2124	0.3362	0.2572	
Infernal Affairs        	0.2416	0.2754	0.2799	0.1368	0.2000	0.2444	0.1417	
Toy Story 2             	0.2174	0.2449	0.1926	0.3840	0.2069	0.4593	0.1356	
Jurassic Park           	0.2505	0.2926	0.2422	0.3050	0.2514	0.4403	0.2075	
American History X      	0.3058	0.2963	0.3132	0.2839	0.3550	0.2761	0.3689	
The Iron Giant          	0.2980	0.2973	0.2735	0.4628	0.2875	0.4259	0.2179	
Stand by Me             	0.2609	0.2606	0.2984	0.3309	0.3577	0.4159	0.1974	
Rope                    	0.2632	0.2466	0.2862	0.2132	0.2787	0.2816	0.2359	
Brief Encounter         	0.2220	0.2331	0.4502	0.1724	0.2050	0.3028	0.2008	
In the Heat of the Night	0.2991	0.1819	0.2449	0.1573	0.2438	0.2903	0.1571	
Midnight Cowboy         	0.2716	0.2383	0.2829	0.2481	0.2945	0.3218	0.2028	
Sling Blade             	0.2891	0.3988	0.3346	0.2160	0.3228	0.3594	0.2314	
The Exorcist            	0.2644	0.3257	0.2686	0.2621	0.3847	0.3759	0.2836	
Shaun of the Dead       	0.2251	0.3244	0.2983	0.2733	0.2554	0.5766	0.2324	
Scarface                	0.0939	0.0376	0.1022	0.1440	0.2090	0.1782	0.2196	
The Return              	0.3104	0.2694	0.3081	0.2057	0.2453	0.2123	0.2433	
Platoon                 	0.2540	0.2640	0.2898	0.1982	0.2740	0.2482	0.3289	
Being John Malkovich    	0.2651	0.2948	0.3576	0.2814	0.2303	0.4735	0.2410	
Underground             	0.2317	0.1613	0.2452	0.2264	0.1710	0.2680	0.1432	
The African Queen       	0.2222	0.2538	0.3377	0.2564	0.2345	0.3725	0.1937	
Almost Famous           	0.3340	0.3150	0.3517	0.3185	0.3032	0.4657	0.2154	
Magnolia                	0.3786	0.2939	0.4025	0.2275	0.3004	0.3678	0.2804	
Gandhi                  	0.3575	0.3715	0.2890	0.2266	0.3399	0.3582	0.3444	
Goldfinger              	0.2178	0.3093	0.2362	0.2413	0.2279	0.3965	0.2040	
Batman Begins           	0.3659	0.3263	0.3314	0.3702	0.3185	0.4783	0.3925	
Lost in Translation     	0.4011	0.4229	0.5404	0.2968	0.3765	0.5238	0.2855	
Hotel Rwanda            	0.3284	0.3202	0.3576	0.2390	0.3517	0.2624	0.3211	
A Night at the Opera    	0.1430	0.2429	0.2435	0.1896	0.2208	0.4424	0.1351	
Spartacus               	0.2578	0.2835	0.2920	0.2410	0.2247	0.3034	0.2617	
The Prestige            	0.3787	0.3045	0.2750	0.5087	0.2679	0.3410	0.2953	
The Shop Around the Corner	0.1816	0.2772	0.4303	0.2547	0.1964	0.3718	0.1334	
Who Framed Roger Rabbit 	0.2084	0.2297	0.1923	0.4465	0.1930	0.4982	0.1482	
The Incredibles         	0.2966	0.2821	0.2620	0.5055	0.2619	0.5081	0.2453	
Dazed and Confused      	0.2672	0.2488	0.1884	0.3403	0.2574	0.4594	0.1427	
Blazing Saddles         	0.1855	0.3387	0.1511	0.2922	0.2414	0.6718	0.2809	
Day for Night           	0.2275	0.1620	0.2264	0.2211	0.1139	0.3110	0.1291	
The Green Mile          	0.3064	0.4267	0.3821	0.2957	0.3056	0.4024	0.2676	
Dial M for Murder       	0.2877	0.2659	0.2535	0.1985	0.1863	0.3065	0.1945	
Dirty Harry             	0.2530	0.2639	0.2236	0.2243	0.1784	0.3714	0.2974	
Iron Man                	0.2930	0.3254	0.2945	0.3481	0.2994	0.5220	0.2903	
Casino                  	0.2717	0.2943	0.2887	0.1881	0.2727	0.3330	0.3636	
A Christmas Story       	0.2377	0.3260	0.2466	0.4450	0.2546	0.6471	0.1996	
Serpico                 	0.2364	0.2098	0.2304	0.1701	0.2307	0.2522	0.2422	
Barton Fink             	0.2689	0.2625	0.1737	0.2005	0.2970	0.3223	0.1965	
Mary Poppins            	0.2301	0.2382	0.2238	0.4874	0.2980	0.4954	0.1928	
The Sixth Sense         	0.2921	0.3509	0.3736	0.2874	0.3313	0.3651	0.2954	
My Fair Lady            	0.2461	0.2353	0.2634	0.3327	0.2463	0.4145	0.1893	
Ed Wood                 	0.3117	0.2756	0.3123	0.2678	0.3043	0.4524	0.1884	
The Sound of Music      	0.2906	0.2980	0.2905	0.3808	0.2965	0.4631	0.2115	
Enter the Dragon        	0.2291	0.2847	0.2179	0.2090	0.1912	0.3467	0.2997	
Rain Man                	0.2643	0.2309	0.2668	0.2090	0.3099	0.3363	0.2147	
The Birds               	0.2514	0.2910	0.2984	0.2317	0.2325	0.3609	0.2465	
Edward Scissorhands     	0.2572	0.3289	0.3665	0.4193	0.2650	0.4233	0.2184	
Peeping Tom             	0.2116	0.2338	0.2439	0.1816	0.1701	0.2395	0.2363	
Eraserhead              	0.2901	0.2277	0.2716	0.2990	0.2332	0.3191	0.2254	
Gladiator               	0.3331	0.3779	0.3546	0.2596	0.2909	0.3852	0.3976	
Little Miss Sunshine    	0.2554	0.3060	0.2895	0.3775	0.2625	0.5955	0.2263	
True Romance            	0.2126	0.2783	0.4799	0.2323	0.2136	0.3911	0.3610	
Brokeback Mountain      	0.3526	0.4110	0.5179	0.2133	0.3721	0.3419	0.3119	
Shrek                   	0.2550	0.3057	0.2884	0.5836	0.2449	0.6242	0.2111	
The Piano               	0.2689	0.2268	0.4096	0.2118	0.2417	0.3069	0.2459	
Doctor Zhivago          	0.3600	0.2856	0.3875	0.2008	0.3094	0.3147	0.2781	
Malcolm X               	0.3444	0.2143	0.2990	0.1969	0.3009	0.2838	0.2673	
Donnie Darko            	0.3813	0.3177	0.3307	0.3223	0.3220	0.4111	0.2997	
Paper Moon              	0.2605	0.2498	0.2971	0.3059	0.1903	0.4593	0.1926	
Nine Queens             	0.2241	0.1264	0.2205	0.1798	0.1936	0.2819	0.0826	
Run Lola Run            	0.2951	0.3671	0.3565	0.2516	0.2423	0.4521	0.2310	
Quiz Show               	0.2768	0.2441	0.1881	0.1842	0.2102	0.2419	0.1514	
West Side Story         	0.2344	0.2697	0.3221	0.3313	0.2434	0.3593	0.2932	
American Graffiti       	0.2293	0.2347	0.2599	0.2904	0.2485	0.4581	0.1438	
Kung Fu Hustle          	0.2111	0.2827	0.1995	0.3046	0.2047	0.5129	0.2844	
Porco Rosso             	0.2345	0.2235	0.2710	0.3344	0.1781	0.3459	0.1768	
Midnight Express        	0.2059	0.1470	0.2330	0.1792	0.2355	0.2222	0.2572	
Midnight Run            	0.1891	0.2609	0.3120	0.2249	0.2255	0.4359	0.1930	
The Umbrellas of Cherbourg	0.2408	0.2318	0.3861	0.2819	0.1587	0.3435	0.1598	
Serenity                	0.3367	0.3367	0.3223	0.2860	0.3072	0.5047	0.2915	
Mystic River            	0.3609	0.3308	0.4040	0.2399	0.3051	0.3458	0.3454	
After Hours             	0.2206	0.2500	0.2065	0.1802	0.1874	0.3659	0.1650	
Apollo 13               	0.2904	0.2658	0.2745	0.2850	0.2912	0.3377	0.2617	
Dances with Wolves      	0.3183	0.3364	0.2831	0.2131	0.2851	0.3348	0.2544	
From Here to Eternity   	0.2145	0.1993	0.3100	0.1611	0.2505	0.2729	0.2354	
American Splendor       	0.2409	0.2444	0.2828	0.2289	0.2316	0.3632	0.1583	
Easy Rider              	0.2594	0.2790	0.2423	0.2122	0.3047	0.3437	0.2058	
Animal House            	0.1580	0.2960	0.1624	0.2499	0.2216	0.5388	0.1823	
East of Eden            	0.2853	0.1835	0.2609	0.1717	0.3100	0.2576	0.1847	
Dead Man Walking        	0.2633	0.2196	0.3386	0.1555	0.2246	0.2555	0.2109	
Kagemusha               	0.2705	0.1403	0.2136	0.2124	0.2810	0.2473	0.2627	
The Motorcycle Diaries  	0.3035	0.2125	0.3485	0.3021	0.3464	0.3378	0.2331	
Leaving Las Vegas       	0.2656	0.2336	0.3133	0.1674	0.2757	0.3061	0.2008	
Sideways                	0.3192	0.3256	0.3742	0.2552	0.3167	0.5318	0.2524	
The Thin Red Line       	0.3687	0.3268	0.3744	0.2119	0.2607	0.3427	0.3514	
Tootsie                 	0.2091	0.2792	0.2756	0.2573	0.2230	0.4579	0.2102	
From Russia with Love   	0.2957	0.2703	0.2401	0.2144	0.2314	0.3606	0.2778	
Capote                  	0.4439	0.2639	0.3615	0.2449	0.3982	0.3080	0.2645	
Kiss Kiss Bang Bang     	0.2645	0.2788	0.3731	0.2602	0.2158	0.5912	0.2108	
The Color Purple        	0.2647	0.2709	0.3324	0.2113	0.2511	0.3598	0.2444	
Misery                  	0.2732	0.2882	0.2397	0.1799	0.2385	0.3550	0.2382	
Bullitt                 	0.2833	0.2897	0.2881	0.1919	0.1985	0.3371	0.2348	
Walk the Line           	0.3744	0.3091	0.4097	0.2762	0.3637	0.3763	0.3002	
Empire of the Sun       	0.2992	0.2505	0.3412	0.3066	0.2903	0.3263	0.2449	
V for Vendetta          	0.3480	0.3240	0.3432	0.2804	0.2831	0.4000	0.3801	
In America              	0.2348	0.2816	0.3855	0.3452	0.2672	0.3964	0.2614	
Forbidden Planet        	0.2605	0.2970	0.2479	0.2926	0.2464	0.4097	0.2586	
The Hours               	0.3885	0.3013	0.4082	0.2029	0.3222	0.3838	0.2716	
Donnie Brasco           	0.2518	0.2154	0.2699	0.1702	0.2331	0.2704	0.2289	
The City of Lost Children	0.3046	0.2864	0.2452	0.3761	0.2689	0.3099	0.1987	
Minority Report         	0.3222	0.3222	0.3202	0.2723	0.2451	0.3968	0.2828	
Big Fish                	0.2743	0.2777	0.3531	0.4679	0.2478	0.4600	0.2200	
Spider-Man 2            	0.2866	0.3175	0.3857	0.3445	0.2793	0.4381	0.3191	
The Squid and the Whale 	0.2350	0.2578	0.3437	0.2535	0.2251	0.3249	0.2417	
Five Easy Pieces        	0.2726	0.2303	0.3137	0.1943	0.2194	0.3235	0.2243	
Forbidden Games         	0.2073	0.2616	0.2115	0.2074	0.2234	0.1813	0.1370	
Cinderella Man          	0.2865	0.3282	0.3597	0.2791	0.3218	0.3157	0.3116	
To Catch a Thief        	0.2546	0.2819	0.3563	0.2253	0.2081	0.4543	0.3765	
Bad Education           	0.2965	0.2391	0.2297	0.1983	0.2091	0.2619	0.1754	
Half Nelson             	0.2995	0.2388	0.2716	0.2982	0.3719	0.2497	0.1677	
Pierrot le Fou          	0.2365	0.2180	0.2778	0.1795	0.1845	0.2535	0.0879	
A Man for All Seasons   	0.2931	0.2877	0.2404	0.2428	0.3534	0.2779	0.2370	
Marty                   	0.1900	0.3484	0.3328	0.1827	0.2081	0.3734	0.1966	
Walkabout               	0.2435	0.2374	0.2748	0.2474	0.3034	0.2576	0.1784	
Brick                   	0.3052	0.2191	0.2442	0.2990	0.2429	0.3491	0.2361	
Billy Elliot            	0.2880	0.2694	0.3608	0.3336	0.3215	0.3949	0.2591	
Jackie Brown            	0.2780	0.2791	0.2552	0.2274	0.2486	0.4037	0.2511	
25th Hour               	0.2910	0.2737	0.3436	0.2081	0.3316	0.2824	0.2384	
Road to Perdition       	0.2924	0.2961	0.3242	0.2435	0.2765	0.2846	0.2917	
High Plains Drifter     	0.2438	0.4924	0.1898	0.1864	0.1795	0.2232	0.2772	
Fiddler on the Roof     	0.2832	0.2831	0.2652	0.3411	0.2689	0.4179	0.2368	
Ray                     	0.3043	0.2278	0.3568	0.2767	0.3243	0.3419	0.2589	
The Day of the Jackal   	0.2999	0.3178	0.2070	0.1961	0.2119	0.3056	0.1544	
Cast Away               	0.3127	0.3657	0.4102	0.2567	0.3187	0.3826	0.3172	
The Crow                	0.2486	0.2894	0.3044	0.2227	0.2316	0.3416	0.3394	
As Good as It Gets      	0.2525	0.2721	0.4023	0.2647	0.2816	0.4353	0.2192	
The Tenant              	0.2516	0.1788	0.1122	0.1346	0.1683	0.2382	0.1666	
Pi                      	0.3306	0.2951	0.2625	0.2593	0.2632	0.2730	0.2361	
Titanic                 	0.3358	0.3116	0.4560	0.2478	0.2931	0.3721	0.2670	
The Aviator             	0.4170	0.2679	0.3465	0.2627	0.3029	0.3396	0.2701	
Collateral              	0.3369	0.3420	0.3161	0.2607	0.2204	0.4096	0.2944	
Chicago                 	0.2679	0.3063	0.2986	0.4112	0.2909	0.4791	0.2363	
Hoosiers                	0.2686	0.1837	0.2844	0.2896	0.2615	0.2954	0.2209	
Mulan                   	0.2372	0.2496	0.2175	0.3832	0.2226	0.4144	0.2071	
Sin City                	0.2831	0.3354	0.3041	0.2610	0.2574	0.4402	0.4268	
Tombstone               	0.2683	0.2503	0.2461	0.1997	0.2954	0.3910	0.2513	
Videodrome              	0.2102	0.1782	0.2563	0.1848	0.1867	0.2576	0.2696	
Mildred Pierce          	0.2438	0.2221	0.2526	0.1798	0.2866	0.3019	0.2411	
Inside Man              	0.3294	0.2620	0.2445	0.1918	0.2314	0.3608	0.2006	
Bloody Sunday           	0.1793	0.0887	0.2204	0.1012	0.1308	0.1689	0.1899	
Predator                	0.2583	0.2884	0.2174	0.2136	0.1932	0.4201	0.2803	
Garden State            	0.2873	0.3128	0.4373	0.3033	0.2968	0.4714	0.2153	
In the Bedroom          	0.2686	0.2916	0.3611	0.2127	0.2303	0.2387	0.2883	
21 Grams                	0.3526	0.2826	0.3817	0.1884	0.2663	0.2887	0.2695	
Drugstore Cowboy        	0.1805	0.1175	0.1766	0.1727	0.1409	0.2575	0.0701	
Far from Heaven         	0.3488	0.3358	0.4313	0.2420	0.3294	0.3825	0.2665	
Angels with Dirty Faces 	0.1687	0.1903	0.2259	0.1927	0.2486	0.2251	0.1627	
Elizabeth               	0.3570	0.2983	0.3034	0.2273	0.2888	0.3295	0.2696	
Dark City               	0.2889	0.2595	0.2666	0.2516	0.2337	0.3391	0.2877	
Dumbo                   	0.2355	0.2905	0.2540	0.4368	0.2726	0.3948	0.1966	
Gilda                   	0.2547	0.1708	0.3609	0.1553	0.2512	0.2912	0.1939	
Batman                  	0.2997	0.3075	0.2533	0.3201	0.2572	0.4468	0.2969	
King Kong               	0.3319	0.3757	0.4286	0.3320	0.3116	0.4669	0.2992	
Metropolis              	0.2402	0.2480	0.2432	0.3551	0.2169	0.3145	0.1729	
Independence Day        	0.2130	0.3074	0.2358	0.2682	0.2428	0.5016	0.2252	
Wall Street             	0.3178	0.2558	0.2576	0.2367	0.2704	0.2869	0.1813	
Armageddon              	0.2252	0.3062	0.3664	0.2365	0.2125	0.4810	0.2155	
The Manchurian Candidate	0.2582	0.2270	0.2616	0.2242	0.2388	0.2809	0.2094	
The Ring                	0.3157	0.3241	0.2665	0.2536	0.3224	0.3862	0.2783	
Dead Birds              	0.1821	0.2046	0.1605	0.1322	0.2444	0.2227	0.1758	
The Producers           	0.1635	0.2750	0.2156	0.3229	0.1909	0.5472	0.1423	
Sky High                	0.1567	0.2458	0.1842	0.3597	0.2195	0.4444	0.1639	
Heaven Can Wait         	0.1738	0.2363	0.2935	0.2506	0.1892	0.4063	0.1363	
Spider-Man              	0.2905	0.3509	0.3438	0.3882	0.2653	0.5064	0.2975	
The Patriot             	0.2912	0.2899	0.3138	0.2705	0.2698	0.4044	0.3623	
Private Benjamin        	0.1149	0.1827	0.1534	0.2239	0.1618	0.3919	0.0902	
The Little Mermaid      	0.1995	0.2625	0.2338	0.4042	0.2968	0.4320	0.1594	
Gentlemen Prefer Blondes	0.2039	0.2286	0.2591	0.2689	0.3074	0.3920	0.1090	
Escape to Witch Mountain	0.1002	0.0763	0.0848	0.2194	0.1634	0.2349	0.0378	
The Mummy               	0.1301	0.1777	0.1142	0.1878	0.1705	0.2155	0.0892	
Tomcats                 	0.0701	0.1737	0.1616	0.1754	0.1447	0.3633	0.1008	
Underworld              	0.2443	0.3072	0.3040	0.2181	0.2044	0.4062	0.3178	
Cheaper by the Dozen    	0.1746	0.2288	0.2325	0.3850	0.1972	0.5352	0.2153	
Impromptu               	0.2325	0.1936	0.3322	0.1901	0.1821	0.3449	0.1147	
Thirteen                	0.2364	0.2349	0.2896	0.2996	0.3077	0.3616	0.2368	
Hardcore                	0.1525	0.1518	0.1692	0.1002	0.2815	0.2088	0.2012	
Home on the Range       	0.1740	0.1616	0.1755	0.3984	0.1879	0.3933	0.0832	
Big Daddy               	0.1689	0.2314	0.2462	0.2833	0.1957	0.5188	0.0942	
Sylvia                  	0.2875	0.2302	0.3318	0.1696	0.1858	0.2618	0.1716	
Rush Hour               	0.1368	0.2574	0.2814	0.2536	0.1982	0.5612	0.1535	
Man on Fire             	0.2589	0.3371	0.3483	0.2729	0.2915	0.3677	0.3942	
War of the Worlds       	0.2597	0.2932	0.3173	0.3033	0.2980	0.4128	0.3186	
Cabin Fever             	0.2059	0.2578	0.1945	0.2217	0.2360	0.5254	0.2678	
The One                 	0.1850	0.1942	0.2311	0.1628	0.1333	0.2961	0.2337	
Dirty Work              	0.1048	0.2222	0.1518	0.2167	0.2010	0.4684	0.1910	
Jersey Girl             	0.1955	0.2297	0.3644	0.3378	0.1895	0.4015	0.1044	
Walking Tall            	0.1636	0.1547	0.2270	0.1787	0.2152	0.3285	0.2082	
Moulin Rouge            	0.2449	0.1362	0.1902	0.1778	0.1411	0.2104	0.0718	
Fantasia 2000           	0.1805	0.2261	0.2356	0.4220	0.1896	0.3754	0.1771	
Tuck Everlasting        	0.2588	0.2590	0.2954	0.3038	0.2084	0.3882	0.1547	
Oliver Twist            	0.2180	0.1817	0.2402	0.2635	0.2560	0.2739	0.1928	
The Shaggy Dog          	0.0817	0.1789	0.1326	0.2413	0.1371	0.3754	0.0865	
Wolf                    	0.1845	0.1833	0.2960	0.1669	0.2354	0.2415	0.1902	
Alone in the Dark       	0.1565	0.1703	0.2274	0.1662	0.2198	0.3875	0.2068	
Behind Enemy Lines      	0.2096	0.2434	0.1944	0.1960	0.1489	0.3834	0.2035	
The Apartment           	0.2969	0.1170	0.3195	0.0964	0.1312	0.1738	0.0397	
The Village             	0.3286	0.3597	0.3299	0.2670	0.2916	0.3529	0.3248	
Peter Pan               	0.2640	0.2221	0.3354	0.4859	0.2214	0.4441	0.2329	
The In-Laws             	0.1256	0.2578	0.2432	0.2089	0.1769	0.4940	0.0885	
The Libertine           	0.3070	0.2688	0.2874	0.1795	0.2282	0.2937	0.2185	
Babel                   	0.3763	0.2813	0.3991	0.2373	0.2774	0.2991	0.2797	
300                     	0.3059	0.3077	0.2901	0.2699	0.2480	0.4353	0.3964	
Blood Diamond           	0.3141	0.3003	0.3145	0.2688	0.2613	0.3127	0.3979	
Alpha Dog               	0.2115	0.1982	0.1788	0.1956	0.2564	0.2555	0.2019	
We Are Marshall         	0.3080	0.2208	0.3619	0.2309	0.2234	0.2366	0.2183	
Apocalypto              	0.3365	0.3451	0.3701	0.2708	0.2555	0.3876	0.3861	
Stranger than Fiction   	0.2934	0.3143	0.3610	0.3024	0.2661	0.4540	0.2674	
Saw                     	0.3079	0.2994	0.2315	0.2055	0.2479	0.3546	0.2884	
Match Point             	0.3127	0.2941	0.4046	0.2137	0.3029	0.3252	0.2008	
The Machinist           	0.3425	0.2721	0.2815	0.2182	0.2227	0.2929	0.2657	
The Last Samurai        	0.3851	0.3548	0.3725	0.2619	0.3337	0.3724	0.3163	
Once Upon a Time in Mexico	0.2279	0.2110	0.1938	0.2219	0.1888	0.4035	0.2869	
8 Mile                  	0.2551	0.2742	0.2592	0.2753	0.3651	0.3651	0.2751	
Enemy at the Gates      	0.3080	0.2773	0.2827	0.2151	0.2384	0.2916	0.2984	
Kingdom of Heaven       	0.3331	0.3110	0.2915	0.2557	0.2986	0.3688	0.3291	
Hitch                   	0.2133	0.2919	0.5574	0.2939	0.2796	0.4941	0.1803	
Harry Potter and the Chamber of Secrets	0.2914	0.2495	0.2075	0.4081	0.2888	0.4813	0.2410	
The Pledge              	0.2961	0.2751	0.2702	0.1805	0.2215	0.2975	0.2398	
American Psycho         	0.3278	0.2610	0.2625	0.2441	0.2481	0.4455	0.3479	
Unbreakable             	0.3167	0.3193	0.3074	0.3373	0.2547	0.3789	0.2581	
Any Given Sunday        	0.2713	0.2641	0.2651	0.2127	0.2322	0.3425	0.2525	
Sleepy Hollow           	0.2754	0.2770	0.2768	0.3545	0.2308	0.4530	0.2663	
Vanilla Sky             	0.3416	0.3032	0.3257	0.3039	0.3108	0.3596	0.2390	
Miss Congeniality       	0.2192	0.3387	0.2847	0.3247	0.2389	0.6736	0.2284	
