L              	HA	LA	CO	BA	FR	GM	BM
selfish        	0.000	0.000	0.000	0.000	0.000	0.000	9.059	
study          	0.000	0.000	0.000	1.605	0.000	0.000	0.000	
advance        	1.556	0.000	0.000	0.000	0.000	0.000	0.000	
emotion        	2.686	0.000	8.237	0.000	0.000	0.000	2.686	
lie            	0.000	0.000	0.000	0.000	0.000	0.000	3.061	
grace          	0.000	0.000	0.000	0.000	0.000	4.107	0.000	
toy            	0.000	0.000	0.000	3.531	0.000	0.000	0.000	
joyful         	0.000	0.000	0.000	0.000	0.000	5.033	0.000	
relationship   	0.000	0.000	4.605	0.000	0.000	0.000	0.000	
personality    	0.000	0.000	0.000	0.000	1.663	0.000	0.000	
silence        	0.000	1.791	0.000	0.000	0.000	0.000	0.000	
learn          	5.198	0.000	0.000	3.308	0.000	0.000	0.000	
passionate     	0.000	0.000	2.457	0.000	0.000	0.000	0.000	
boyfriend      	0.000	0.000	7.171	0.000	0.000	0.000	0.000	
deplorable     	0.000	0.000	0.000	0.000	0.000	0.000	3.813	
reliance       	0.000	0.000	0.000	0.000	8.674	0.000	0.000	
lonesome       	0.000	0.000	0.000	0.000	0.000	0.000	3.656	
enrage         	0.000	0.000	0.000	0.000	0.000	0.000	3.887	
frantic        	0.000	0.000	0.000	0.000	0.000	0.000	2.404	
action         	0.000	0.000	0.000	0.000	0.960	0.000	0.000	
concentrate    	6.504	0.000	0.000	0.000	0.000	0.000	0.000	
curious        	0.000	0.000	0.000	2.602	0.000	0.000	0.000	
witch          	0.000	0.000	0.000	2.729	0.000	0.000	0.000	
educate        	1.681	0.000	0.000	0.000	0.000	0.000	0.000	
touch          	0.000	0.000	5.521	0.000	1.781	0.000	0.000	
capture        	9.120	0.000	0.000	0.000	0.000	0.000	0.000	
couch          	0.000	4.539	0.000	0.000	0.000	0.000	0.000	
victim         	0.000	0.000	0.000	0.000	0.000	0.000	2.550	
resentment     	0.000	0.000	0.000	0.000	0.000	0.000	8.617	
lovely         	0.000	0.000	1.624	1.624	0.000	10.391	0.000	
upset          	0.000	0.000	0.000	0.000	0.000	0.000	1.641	
charming       	0.000	0.000	2.119	2.119	0.000	0.000	0.000	
confidant      	0.000	0.000	0.000	0.000	3.550	0.000	0.000	
loveable       	0.000	0.000	0.000	2.948	0.000	0.000	0.000	
culture        	1.520	0.000	0.000	0.000	0.000	0.000	0.000	
intricate      	10.965	0.000	0.000	0.000	0.000	0.000	0.000	
soothing       	0.000	7.338	0.000	0.000	0.000	0.000	0.000	
ambitious      	9.004	0.000	0.000	0.000	0.000	0.000	0.000	
relax          	0.000	12.286	0.000	0.000	0.000	6.079	0.000	
attractive     	0.000	0.000	2.506	0.000	0.000	0.000	0.000	
aggression     	0.000	0.000	0.000	0.000	0.000	0.000	4.895	
brother        	0.000	0.000	0.000	0.000	6.296	0.000	0.000	
ease           	0.000	1.964	0.000	0.000	0.000	0.000	0.000	
tale           	0.000	0.000	0.000	3.712	0.000	0.000	0.000	
irk            	0.000	0.000	0.000	0.000	0.000	0.000	3.701	
progress       	1.933	0.000	0.000	0.000	0.000	0.000	0.000	
guilty         	0.000	0.000	0.000	0.000	0.000	0.000	7.105	
adrenaline     	0.000	0.000	0.000	0.000	0.000	0.000	4.741	
pleasant       	0.000	9.736	0.000	0.000	0.000	2.434	0.000	
rely           	0.000	0.000	2.501	0.000	10.254	0.000	0.000	
empathize      	2.170	0.000	0.000	0.000	0.000	0.000	0.000	
profound       	7.886	0.000	7.086	0.000	0.000	0.000	0.000	
son            	0.000	0.000	0.000	1.341	0.000	0.000	0.000	
education      	1.763	0.000	0.000	2.204	0.000	0.000	0.000	
generous       	0.000	0.000	0.000	0.000	10.517	0.000	0.000	
laugh          	0.000	0.000	0.000	0.000	0.996	9.628	0.000	
magic          	0.000	0.000	0.000	10.695	0.000	0.000	0.000	
bedtime        	0.000	7.338	0.000	0.000	0.000	0.000	0.000	
play           	0.000	0.000	0.000	2.735	0.000	0.000	0.000	
strength       	0.000	0.000	0.000	0.000	0.000	0.000	6.267	
gossip         	0.000	0.000	0.000	0.000	2.373	0.000	0.000	
company        	0.000	0.000	0.000	0.000	10.494	0.000	0.000	
sarcastic      	4.212	0.000	0.000	0.000	0.000	0.000	0.000	
memory         	1.203	0.000	0.000	0.000	0.000	0.000	0.000	
impressive     	1.426	0.000	0.000	0.000	0.000	0.000	0.000	
marriage       	0.000	0.000	7.365	0.000	0.000	0.000	0.000	
unpredictable  	5.137	0.000	0.000	0.000	0.000	0.000	0.000	
bloody         	0.000	0.000	0.000	0.000	0.000	0.000	2.518	
idea           	1.380	0.000	0.000	0.000	0.000	0.000	0.000	
comic          	0.000	3.206	0.000	0.000	1.202	3.367	0.000	
bad            	0.000	0.000	0.000	0.000	0.000	0.000	1.982	
funny          	0.000	2.510	0.000	3.586	1.936	5.307	0.000	
complexity     	2.530	0.000	0.000	0.000	0.000	0.000	0.000	
engaging       	9.204	0.000	0.000	0.000	0.000	0.000	0.000	
fiction        	0.000	2.779	0.000	1.853	1.853	0.000	0.000	
soft           	0.000	11.281	0.000	0.000	0.000	0.000	0.000	
hostility      	0.000	0.000	0.000	0.000	0.000	0.000	5.205	
smooth         	0.000	7.232	0.000	0.000	0.000	0.000	0.000	
enigmatic      	9.490	0.000	0.000	0.000	0.000	0.000	0.000	
blood          	0.000	0.000	0.000	0.000	0.000	0.000	5.899	
snack          	0.000	0.000	0.000	2.526	0.000	0.000	0.000	
ferocious      	0.000	0.000	0.000	0.000	0.000	0.000	3.227	
sweet          	0.000	0.000	2.026	3.546	0.000	10.537	0.000	
kiss           	0.000	0.000	7.421	1.855	0.000	0.000	0.000	
raw            	0.000	0.000	0.000	0.000	0.000	0.000	1.406	
sad            	0.000	0.000	0.000	0.000	0.000	0.000	1.257	
understanding  	0.000	0.000	0.000	0.000	2.320	0.000	0.000	
solidarity     	0.000	0.000	0.000	0.000	3.582	0.000	0.000	
support        	0.000	0.000	0.000	0.000	1.708	2.989	0.000	
fairytale      	0.000	0.000	0.000	2.179	0.000	0.000	0.000	
darling        	0.000	0.000	3.088	0.000	0.000	0.000	0.000	
brilliant      	0.000	0.000	0.000	0.000	0.000	2.271	0.000	
fabulous       	0.000	0.000	0.000	0.000	0.000	4.971	0.000	
adjust         	2.996	0.000	0.000	0.000	0.000	0.000	0.000	
death          	0.000	0.000	0.000	0.000	0.000	0.000	1.537	
direct         	0.000	4.220	0.000	0.000	0.000	0.000	0.000	
kind           	0.000	0.000	0.000	0.000	0.000	3.555	0.000	
twist          	1.268	0.000	0.000	0.000	0.000	0.000	0.000	
witty          	0.000	0.000	0.000	0.000	0.000	5.174	0.000	
hilarious      	0.000	4.559	0.000	1.824	1.824	7.750	0.000	
inform         	2.099	0.000	0.000	0.000	0.000	0.000	0.000	
admire         	0.000	0.000	0.000	0.000	7.964	3.117	0.000	
content        	0.000	0.000	0.000	0.000	0.000	2.295	0.000	
pregnancy      	0.000	0.000	0.000	3.447	0.000	0.000	0.000	
charity        	0.000	0.000	0.000	0.000	0.000	2.130	0.000	
girlfriend     	0.000	0.000	7.592	0.000	0.000	0.000	0.000	
rude           	0.000	0.000	0.000	0.000	0.000	0.000	7.522	
unique         	0.000	0.000	0.000	0.000	1.350	0.000	0.000	
truth          	0.000	0.000	0.000	0.000	2.022	0.000	0.000	
bliss          	0.000	0.000	0.000	0.000	0.000	2.373	0.000	
entertainment  	0.000	0.000	0.000	1.918	0.000	0.000	0.000	
bed            	0.000	7.669	0.000	0.000	0.000	0.000	0.000	
meaningful     	1.866	0.000	0.000	0.000	0.000	0.000	0.000	
mom            	0.000	0.000	0.000	5.619	0.000	0.000	0.000	
love           	0.000	0.000	0.719	0.719	0.000	1.678	0.000	
melodramatic   	0.000	0.000	2.963	0.000	0.000	0.000	0.000	
adore          	0.000	0.000	3.922	0.000	0.000	0.000	0.000	
mutual         	0.000	0.000	0.000	0.000	5.085	0.000	0.000	
fear           	0.000	0.000	0.000	0.000	0.000	0.000	7.203	
giggle         	0.000	0.000	0.000	5.295	0.000	0.000	0.000	
count          	0.000	0.000	0.000	0.000	4.171	0.000	0.000	
angry          	0.000	0.000	0.000	0.000	0.000	0.000	12.379	
understand     	5.091	0.000	0.000	0.000	5.359	0.000	0.000	
miserable      	0.000	0.000	0.000	0.000	0.000	0.000	3.368	
terrible       	0.000	0.000	0.000	0.000	0.000	0.000	2.705	
creative       	0.000	0.000	0.000	1.517	0.000	0.000	0.000	
stay           	0.000	1.945	0.000	0.000	0.000	0.000	0.000	
delightful     	0.000	0.000	0.000	2.207	0.000	0.000	0.000	
argue          	0.000	0.000	0.000	0.000	0.000	0.000	8.889	
childish       	0.000	0.000	0.000	0.000	0.000	0.000	3.020	
focus          	10.171	0.000	0.000	0.000	0.000	0.000	0.000	
hero           	0.000	0.000	0.000	2.663	0.000	0.000	0.000	
passion        	0.000	0.000	8.169	0.000	0.000	0.000	0.000	
absorb         	9.766	0.000	0.000	0.000	0.000	0.000	0.000	
honest         	0.000	0.000	0.000	0.000	1.258	0.000	0.000	
shoulder       	0.000	0.000	0.000	0.000	2.003	0.000	0.000	
punish         	0.000	0.000	0.000	0.000	0.000	0.000	7.618	
dad            	0.000	0.000	0.000	2.925	0.000	0.000	0.000	
cold           	0.000	0.000	0.000	0.000	0.000	0.000	1.873	
break          	0.000	0.000	0.000	0.000	0.000	0.000	2.069	
school         	0.000	0.000	0.000	5.718	0.000	0.000	0.000	
confide        	0.000	0.000	0.000	0.000	10.118	0.000	0.000	
space          	0.000	0.000	0.000	2.187	0.000	0.000	0.000	
imagination    	0.000	0.000	0.000	8.783	0.000	0.000	0.000	
engage         	7.672	0.000	0.000	0.000	0.000	0.000	0.000	
madness        	0.000	0.000	0.000	0.000	0.000	0.000	2.543	
elaborate      	2.729	0.000	0.000	0.000	0.000	0.000	0.000	
child          	0.000	0.000	0.000	2.429	0.000	0.000	0.000	
sexy           	0.000	0.000	6.842	0.000	0.000	0.000	0.000	
shocking       	0.000	0.000	0.000	0.000	0.000	0.000	2.376	
peaceful       	0.000	10.335	0.000	0.000	0.000	0.000	0.000	
curiosity      	0.000	0.000	0.000	4.686	0.000	0.000	0.000	
patience       	0.000	0.000	0.000	0.000	5.454	0.000	0.000	
dreamlike      	0.000	0.000	0.000	2.289	0.000	0.000	0.000	
flirt          	0.000	0.000	3.290	0.000	0.000	0.000	0.000	
pleasure       	0.000	0.000	0.000	0.000	0.000	9.351	0.000	
realize        	1.463	0.000	0.000	0.000	0.000	0.000	0.000	
hard           	1.105	0.000	0.000	0.000	0.000	0.000	0.000	
educational    	2.740	2.740	0.000	0.000	0.000	0.000	0.000	
unpretentious  	0.000	8.617	0.000	0.000	0.000	0.000	0.000	
soul           	4.243	0.000	0.000	0.000	0.000	0.000	0.000	
desire         	0.000	0.000	8.072	0.000	0.000	0.000	0.000	
comical        	0.000	0.000	0.000	0.000	2.639	0.000	0.000	
overcome       	0.000	0.000	0.000	0.000	3.203	0.000	0.000	
girl           	0.000	0.000	0.000	1.335	0.000	0.000	0.000	
lust           	0.000	0.000	2.893	0.000	0.000	0.000	0.000	
decrease       	0.000	5.831	0.000	0.000	0.000	0.000	0.000	
point          	1.278	0.000	0.000	0.000	0.000	0.000	0.000	
devotion       	0.000	0.000	0.000	0.000	2.774	0.000	0.000	
meditate       	2.814	7.504	0.000	0.000	0.000	0.000	0.000	
grip           	0.000	2.330	0.000	0.000	0.000	0.000	0.000	
fascinating    	0.000	0.000	4.890	0.000	0.000	1.467	0.000	
amorous        	0.000	0.000	2.987	0.000	0.000	0.000	0.000	
sweetheart     	0.000	0.000	0.000	3.045	0.000	0.000	0.000	
mother         	0.000	0.000	0.000	1.183	0.000	0.000	0.000	
affection      	0.000	0.000	6.390	0.000	4.090	0.000	0.000	
crush          	0.000	0.000	2.948	0.000	0.000	0.000	0.000	
triumph        	0.000	0.000	0.000	0.000	4.411	1.654	0.000	
pain           	0.000	0.000	0.000	0.000	0.000	0.000	11.015	
poetry         	5.220	0.000	0.000	0.000	0.000	0.000	0.000	
reliable       	0.000	0.000	0.000	0.000	10.075	0.000	0.000	
concentration  	3.052	0.000	0.000	0.000	0.000	0.000	0.000	
intimate       	0.000	0.000	8.437	0.000	0.000	0.000	0.000	
sexuality      	0.000	0.000	4.090	0.000	0.000	0.000	0.000	
irresistible   	0.000	0.000	3.002	0.000	0.000	0.000	0.000	
lull           	0.000	6.553	0.000	0.000	0.000	0.000	0.000	
imagine        	0.000	0.000	0.000	1.311	0.000	0.000	0.000	
comedian       	0.000	0.000	0.000	0.000	0.000	4.139	0.000	
strategy       	2.396	0.000	0.000	0.000	0.000	0.000	0.000	
romanticism    	0.000	0.000	3.447	0.000	0.000	0.000	0.000	
grateful       	0.000	0.000	0.000	0.000	0.000	7.836	0.000	
exasperation   	0.000	0.000	0.000	0.000	0.000	0.000	3.983	
connection     	0.000	0.000	8.220	0.000	0.000	0.000	0.000	
visual         	1.265	0.000	0.000	0.000	0.000	0.000	0.000	
calm           	0.000	11.191	0.000	0.000	0.000	0.000	0.000	
sentimental    	0.000	0.000	9.024	0.000	0.000	0.000	0.000	
delicate       	0.000	3.953	0.000	0.000	0.000	0.000	0.000	
excite         	0.000	0.000	0.000	0.000	0.000	4.194	0.000	
fortunate      	0.000	0.000	0.000	0.000	0.000	3.045	0.000	
dramatic       	0.000	0.000	0.000	0.000	0.000	0.000	9.812	
marry          	0.000	0.000	3.488	0.000	0.000	0.000	0.000	
friend         	0.000	0.000	0.000	1.205	7.393	0.000	0.000	
sensual        	0.000	0.000	5.829	0.000	0.000	0.000	0.000	
mythical       	0.000	0.000	0.000	2.310	0.000	0.000	0.000	
sensibility    	0.000	0.000	2.063	0.000	0.000	0.000	0.000	
fierce         	0.000	0.000	0.000	0.000	0.000	0.000	2.113	
smart          	3.910	0.000	0.000	0.000	0.000	0.000	0.000	
disgust        	0.000	0.000	0.000	0.000	0.000	0.000	6.104	
breathtaking   	1.581	0.000	0.000	0.000	0.000	0.000	0.000	
complicate     	2.795	0.000	0.000	0.000	0.000	0.000	0.000	
insult         	0.000	0.000	0.000	0.000	0.000	0.000	2.243	
fantastical    	0.000	0.000	0.000	2.218	0.000	0.000	0.000	
knowledge      	1.838	0.000	0.000	0.000	0.000	0.000	0.000	
lift           	0.000	4.515	0.000	0.000	0.000	0.000	0.000	
gentle         	0.000	9.469	0.000	0.000	0.000	0.000	0.000	
curse          	0.000	0.000	0.000	0.000	0.000	0.000	7.357	
feel           	0.000	0.000	4.243	0.000	0.000	0.000	0.000	
fun            	0.000	1.795	0.000	1.436	1.723	6.748	0.000	
puzzle         	8.065	0.000	0.000	0.000	0.000	0.000	0.000	
loyalty        	0.000	0.000	0.000	0.000	4.400	0.000	0.000	
praise         	0.000	0.000	0.000	0.000	0.000	2.279	0.000	
mystical       	0.000	0.000	0.000	7.382	0.000	0.000	0.000	
blissful       	0.000	0.000	0.000	0.000	0.000	3.701	0.000	
fury           	0.000	0.000	0.000	0.000	0.000	0.000	8.756	
fluent         	0.000	12.425	0.000	0.000	0.000	0.000	0.000	
enlighten      	1.322	0.000	0.000	0.000	0.000	0.000	0.000	
slow           	1.644	1.644	0.000	0.000	0.000	0.000	0.000	
optimism       	0.000	0.000	0.000	0.000	0.000	6.409	0.000	
center         	2.342	0.000	0.000	0.000	0.000	0.000	0.000	
narration      	1.933	0.000	0.000	0.000	0.000	0.000	0.000	
boxing         	0.000	0.000	0.000	0.000	0.000	0.000	2.524	
history        	2.204	0.000	0.000	0.000	0.000	0.000	0.000	
ambivalent     	5.242	0.000	0.000	0.000	0.000	0.000	0.000	
original       	1.117	0.000	0.000	0.000	0.000	0.000	0.000	
sensitive      	0.000	1.790	0.000	1.790	0.000	0.000	0.000	
loosen         	0.000	3.617	0.000	0.000	0.000	0.000	0.000	
romance        	0.000	0.000	9.174	0.000	0.000	0.000	0.000	
exhaust        	1.974	0.000	0.000	0.000	0.000	0.000	0.000	
superhero      	0.000	0.000	0.000	5.128	2.959	0.000	0.000	
deep           	2.162	0.000	7.372	0.000	0.000	0.000	0.000	
husband        	0.000	0.000	5.096	0.000	0.000	0.000	0.000	
date           	0.000	0.000	5.936	0.000	0.000	0.000	0.000	
addictive      	0.000	8.298	0.000	0.000	0.000	0.000	0.000	
violent        	0.000	0.000	0.000	0.000	0.000	0.000	11.594	
dissatisfaction	0.000	0.000	0.000	0.000	0.000	0.000	5.628	
explain        	2.180	0.000	0.000	0.000	0.000	0.000	0.000	
continuous     	2.388	0.000	0.000	0.000	0.000	0.000	0.000	
harmony        	0.000	0.000	0.000	0.000	3.008	0.000	0.000	
senseless      	2.513	0.000	0.000	0.000	0.000	0.000	0.000	
reflect        	0.000	0.000	0.000	0.000	2.289	0.000	0.000	
positive       	0.000	0.000	0.000	0.000	0.000	2.233	0.000	
fairy          	0.000	0.000	0.000	10.779	0.000	0.000	0.000	
captivate      	4.849	0.000	1.818	0.000	0.000	0.000	0.000	
magical        	0.000	0.000	0.000	8.365	0.000	0.000	0.000	
enemy          	0.000	0.000	0.000	0.000	0.000	0.000	1.391	
link           	2.004	0.000	0.000	0.000	0.000	0.000	0.000	
perceive       	2.170	0.000	0.000	0.000	0.000	0.000	0.000	
comprehend     	2.230	0.000	0.000	0.000	0.000	0.000	0.000	
scared         	0.000	0.000	0.000	0.000	0.000	0.000	2.821	
creepy         	0.000	0.000	0.000	0.000	0.000	0.000	1.743	
light          	0.000	5.958	0.000	0.000	0.000	0.000	0.000	
impress        	0.000	0.000	0.000	0.000	0.000	2.258	0.000	
christmas      	0.000	0.000	0.000	2.759	0.000	0.000	0.000	
climax         	3.573	0.000	0.000	0.000	0.000	0.000	0.000	
dreamy         	0.000	0.000	3.080	0.000	0.000	0.000	0.000	
joyous         	0.000	0.000	0.000	0.000	0.000	3.020	0.000	
heartstrings   	0.000	0.000	4.667	0.000	0.000	0.000	0.000	
enjoyable      	0.000	0.891	0.000	0.000	0.000	0.000	0.000	
spite          	0.000	0.000	0.000	0.000	0.000	0.000	3.807	
irresponsible  	0.000	0.000	0.000	0.000	0.000	0.000	3.813	
nocturnal      	0.000	0.000	0.000	0.000	0.000	0.000	3.521	
furious        	0.000	0.000	0.000	0.000	0.000	0.000	4.705	
mystery        	3.012	0.000	0.000	0.000	0.000	0.000	0.000	
obvious        	0.000	8.565	0.000	0.000	0.000	0.000	0.000	
frustration    	0.000	0.000	0.000	0.000	0.000	0.000	6.568	
sympathy       	0.000	0.000	0.000	0.000	0.000	0.000	2.604	
lucky          	0.000	0.000	0.000	0.000	0.000	3.928	0.000	
dishonest      	0.000	0.000	0.000	0.000	0.000	0.000	7.966	
coward         	0.000	0.000	0.000	0.000	0.000	0.000	3.368	
integrity      	0.000	0.000	0.000	0.000	2.590	0.000	0.000	
student        	0.000	0.000	0.000	2.330	0.000	0.000	0.000	
golden         	0.000	0.000	0.000	0.000	0.000	2.613	0.000	
popcorn        	0.000	0.000	0.000	3.212	0.000	0.000	0.000	
feeling        	0.000	0.000	10.414	1.893	1.420	0.000	0.000	
party          	0.000	0.000	0.000	0.000	4.607	0.000	0.000	
breathe        	0.000	2.604	0.000	0.000	0.000	0.000	0.000	
care           	0.000	0.000	2.912	0.000	5.533	0.000	0.000	
benevolence    	0.000	0.000	3.983	0.000	0.000	0.000	0.000	
raging         	0.000	0.000	0.000	0.000	0.000	0.000	9.745	
discover       	2.067	0.000	0.000	0.000	0.000	0.000	0.000	
adventurous    	0.000	0.000	0.000	2.842	0.000	0.000	0.000	
musical        	0.000	0.000	0.000	3.374	0.000	0.000	0.000	
arrogant       	0.000	0.000	0.000	0.000	0.000	0.000	9.361	
exciting       	0.000	0.000	0.000	0.000	0.000	7.546	0.000	
sorrow         	0.000	0.000	0.000	0.000	0.000	0.000	5.475	
celebrate      	0.000	0.000	6.629	0.000	0.000	2.651	0.000	
loss           	0.000	0.000	0.000	0.000	0.000	0.000	4.393	
illusion       	0.000	0.000	0.000	4.335	0.000	0.000	0.000	
captivating    	2.285	0.000	0.000	0.000	0.000	0.000	0.000	
uplift         	0.000	0.000	0.000	0.000	4.943	0.000	0.000	
depth          	6.515	0.000	0.000	0.000	0.000	0.000	0.000	
affinity       	0.000	0.000	3.550	0.000	0.000	0.000	0.000	
lovable        	0.000	0.000	0.000	1.972	0.000	0.000	0.000	
kitten         	0.000	0.000	0.000	2.713	0.000	0.000	0.000	
immediate      	0.000	9.862	0.000	0.000	0.000	0.000	0.000	
appreciate     	0.000	0.000	0.000	0.000	0.000	3.263	0.000	
immersion      	5.282	0.000	0.000	0.000	0.000	0.000	0.000	
treasure       	0.000	0.000	0.000	2.464	0.000	0.000	0.000	
dirty          	0.000	0.000	0.000	0.000	0.000	0.000	4.804	
harrowing      	0.000	0.000	0.000	0.000	0.000	0.000	2.717	
confidence     	0.000	0.000	0.000	0.000	5.026	0.000	0.000	
desperate      	0.000	0.000	0.000	0.000	0.000	0.000	2.780	
affectionate   	0.000	0.000	3.103	3.103	0.000	0.000	0.000	
provoke        	1.297	0.000	0.000	0.000	0.000	0.000	4.323	
fantasy        	0.000	0.000	0.000	3.740	0.000	5.343	0.000	
careful        	1.710	0.000	0.000	0.000	0.000	0.000	0.000	
chill          	0.000	3.386	0.000	0.000	0.000	0.000	0.000	
marvelous      	0.000	0.000	0.000	2.184	0.000	0.000	0.000	
erudite        	3.582	0.000	0.000	0.000	0.000	0.000	0.000	
mean           	6.251	0.000	0.000	0.000	0.000	0.000	2.841	
intensify      	2.429	0.000	0.000	0.000	0.000	0.000	0.000	
rest           	0.000	4.100	0.000	0.000	0.000	0.000	0.000	
success        	0.000	0.000	0.000	0.000	0.000	1.483	0.000	
disturbing     	0.000	0.000	0.000	0.000	0.000	0.000	4.530	
sharpen        	2.663	0.000	0.000	0.000	0.000	0.000	0.000	
outrage        	0.000	0.000	0.000	0.000	0.000	0.000	7.110	
anguish        	0.000	0.000	0.000	0.000	0.000	0.000	2.279	
fable          	0.000	0.000	0.000	6.614	0.000	0.000	0.000	
cruelty        	0.000	0.000	0.000	0.000	0.000	0.000	10.125	
easy           	0.000	2.487	0.000	0.000	0.000	0.000	0.000	
suspense       	1.332	0.000	0.000	0.000	0.000	0.000	0.000	
drama          	0.000	0.000	1.049	0.000	0.000	0.000	0.000	
historical     	3.003	0.000	0.000	0.000	0.000	0.000	0.000	
admiration     	0.000	0.000	0.000	0.000	4.833	0.000	0.000	
theatrical     	1.695	0.000	0.000	0.000	0.000	0.000	0.000	
cheater        	0.000	0.000	0.000	0.000	0.000	0.000	2.814	
guide          	0.000	0.000	0.000	0.000	2.028	0.000	0.000	
thrilling      	1.662	0.000	0.000	0.000	0.000	0.000	2.215	
shine          	0.000	0.000	0.000	0.000	0.000	3.391	0.000	
tough          	0.000	0.000	0.000	0.000	0.000	0.000	5.591	
hatred         	0.000	0.000	0.000	0.000	0.000	0.000	4.280	
pair           	0.000	0.000	2.521	0.000	0.000	0.000	0.000	
color          	0.000	0.000	0.000	1.393	0.000	0.000	0.000	
glue           	1.832	0.000	0.000	0.000	0.000	0.000	0.000	
ironic         	0.000	0.000	0.000	0.000	0.000	8.977	0.000	
infatuation    	0.000	0.000	5.052	0.000	0.000	0.000	0.000	
predictable    	0.000	6.426	0.000	0.000	0.000	0.000	0.000	
night          	0.000	1.436	0.000	0.000	0.000	0.000	0.000	
fast           	0.000	6.487	0.000	0.000	0.000	0.000	0.000	
adventure      	0.000	0.000	0.000	4.935	0.000	0.000	0.000	
tire           	0.000	3.930	0.000	0.000	0.000	0.000	0.000	
win            	0.000	0.000	0.000	0.000	0.000	2.065	0.000	
assist         	0.000	0.000	0.000	0.000	8.785	0.000	0.000	
glamorous      	0.000	0.000	2.963	0.000	0.000	0.000	0.000	
fascination    	0.000	0.000	2.737	0.000	0.000	0.000	0.000	
delicious      	0.000	0.000	0.000	2.688	0.000	0.000	0.000	
simple         	0.000	11.791	0.000	0.000	0.000	0.000	0.000	
cute           	0.000	0.000	5.308	8.493	0.000	0.000	0.000	
holiday        	0.000	0.000	0.000	2.422	0.000	0.000	0.000	
animation      	0.000	0.000	0.000	3.804	0.000	0.000	0.000	
enigma         	5.647	0.000	0.000	0.000	0.000	0.000	0.000	
unity          	0.000	0.000	0.000	0.000	3.146	0.000	0.000	
compelling     	1.468	0.000	0.000	0.000	0.000	0.000	0.000	
intimacy       	0.000	0.000	5.794	0.000	0.000	0.000	0.000	
call           	0.000	0.000	0.000	0.000	1.414	0.000	0.000	
thief          	0.000	0.000	0.000	0.000	0.000	0.000	5.921	
betrayal       	0.000	0.000	0.000	0.000	0.000	0.000	2.078	
indignation    	0.000	0.000	0.000	0.000	0.000	0.000	5.831	
evoke          	0.000	0.000	2.495	0.000	0.000	0.000	0.000	
entertaining   	0.000	3.909	0.000	0.000	2.737	0.000	0.000	
satirical      	2.160	0.000	0.000	0.000	0.000	0.000	0.000	
smile          	0.000	0.000	0.000	5.997	0.000	3.271	0.000	
sex            	0.000	0.000	2.260	0.000	0.000	0.000	0.000	
magnetism      	0.000	0.000	3.550	0.000	0.000	0.000	0.000	
emotional      	0.000	0.000	9.136	0.000	0.000	0.000	0.000	
concerned      	0.000	0.000	0.000	0.000	2.722	0.000	0.000	
parallel       	1.935	0.000	0.000	0.000	0.000	0.000	0.000	
nightmare      	0.000	0.000	0.000	0.000	0.000	0.000	2.774	
belief         	0.000	0.000	0.000	0.000	2.459	0.000	0.000	
sincere        	0.000	0.000	0.000	0.000	8.326	2.686	0.000	
metaphor       	1.540	0.000	0.000	0.000	0.000	0.000	0.000	
refine         	3.263	0.000	0.000	0.000	0.000	0.000	0.000	
consequence    	2.724	0.000	0.000	0.000	0.000	0.000	0.000	
intense        	3.995	0.000	0.000	0.000	0.000	0.000	0.000	
animated       	0.000	0.000	0.000	4.998	0.000	0.000	0.000	
enchant        	0.000	0.000	0.000	7.079	0.000	0.000	0.000	
evolve         	2.583	0.000	0.000	0.000	0.000	0.000	0.000	
beloved        	0.000	0.000	3.622	0.000	0.000	0.000	0.000	
cruel          	0.000	0.000	0.000	0.000	0.000	0.000	10.493	
war            	0.000	0.000	0.000	0.000	0.000	0.000	3.590	
struggle       	0.000	0.000	0.000	0.000	0.000	0.000	5.120	
lovemaking     	0.000	0.000	3.887	0.000	0.000	0.000	0.000	
closeness      	0.000	0.000	0.000	0.000	3.319	0.000	0.000	
allegory       	5.085	0.000	0.000	0.000	0.000	0.000	0.000	
laughter       	0.000	0.000	0.000	0.000	0.000	3.656	0.000	
real           	1.049	0.000	1.398	0.000	1.887	0.000	0.000	
advice         	0.000	0.000	0.000	0.000	1.654	0.000	0.000	
deceit         	0.000	0.000	0.000	0.000	0.000	0.000	3.239	
sleep          	0.000	3.930	0.000	0.000	0.000	0.000	0.000	
intuitive      	0.000	8.617	0.000	0.000	0.000	0.000	0.000	
cherish        	0.000	0.000	3.999	0.000	0.000	0.000	0.000	
lunatic        	0.000	0.000	0.000	0.000	0.000	0.000	4.761	
detail         	3.538	0.000	0.000	0.000	0.000	0.000	0.000	
respect        	0.000	0.000	0.000	0.000	3.951	0.000	0.000	
genius         	1.133	0.000	0.000	0.000	0.000	0.000	0.000	
inspirational  	4.429	0.000	0.000	0.000	0.000	0.000	0.000	
liar           	0.000	0.000	0.000	0.000	0.000	0.000	2.489	
exacerbate     	0.000	0.000	0.000	0.000	0.000	0.000	3.887	
family         	0.000	0.000	0.000	2.837	0.000	0.000	0.000	
unreal         	0.000	0.000	0.000	2.289	0.000	0.000	0.000	
villain        	0.000	0.000	0.000	0.000	0.000	0.000	2.095	
annoyance      	0.000	0.000	0.000	0.000	0.000	0.000	5.325	
gratitude      	0.000	0.000	0.000	0.000	6.502	2.438	0.000	
wizard         	0.000	0.000	0.000	2.334	0.000	0.000	0.000	
clear          	0.000	1.013	0.000	0.000	0.000	0.000	0.000	
intrigue       	3.949	0.000	0.000	0.000	0.000	0.000	0.000	
credibility    	0.000	0.000	0.000	0.000	2.857	0.000	0.000	
adorable       	0.000	0.000	0.000	9.656	0.000	7.725	0.000	
unhappy        	0.000	0.000	0.000	0.000	0.000	0.000	3.216	
prosperous     	0.000	0.000	0.000	0.000	0.000	5.719	0.000	
hug            	0.000	0.000	3.096	2.322	6.037	0.000	0.000	
friendship     	0.000	0.000	0.000	0.000	5.169	0.000	0.000	
sophisticated  	4.344	0.000	0.000	0.000	0.000	0.000	0.000	
teenage        	0.000	0.000	0.000	3.463	0.000	0.000	0.000	
lip            	0.000	0.000	7.191	0.000	0.000	0.000	0.000	
forgive        	0.000	0.000	0.000	0.000	7.779	0.000	0.000	
baby           	0.000	0.000	0.000	6.282	0.000	0.000	0.000	
trust          	0.000	0.000	5.917	0.000	12.899	0.000	0.000	
kindness       	0.000	0.000	4.352	0.000	0.000	4.352	0.000	
focal          	2.513	0.000	0.000	0.000	0.000	0.000	0.000	
poignant       	0.000	0.000	2.186	0.000	0.000	0.000	0.000	
certainty      	0.000	0.000	0.000	0.000	3.521	0.000	0.000	
honey          	0.000	0.000	6.702	0.000	0.000	0.000	0.000	
attention      	6.994	0.000	0.000	0.000	0.000	0.000	0.000	
depress        	0.000	0.000	0.000	0.000	0.000	0.000	3.216	
humor          	0.000	0.000	0.000	1.244	0.000	1.659	0.000	
surreal        	1.764	0.000	0.000	0.000	0.000	0.000	0.000	
speedy         	0.000	9.262	0.000	0.000	0.000	0.000	0.000	
confusion      	2.047	0.000	0.000	0.000	0.000	0.000	0.000	
joy            	0.000	0.000	1.270	1.270	0.000	7.514	0.000	
mysterious     	6.351	0.000	0.000	2.309	0.000	0.000	0.000	
onslaught      	0.000	0.000	0.000	0.000	0.000	0.000	3.494	
soundtrack     	1.785	0.000	0.000	0.000	0.000	0.000	0.000	
psycho         	0.000	0.000	0.000	0.000	0.000	0.000	2.722	
sexual         	0.000	0.000	2.437	0.000	0.000	0.000	0.000	
violence       	0.000	0.000	0.000	0.000	0.000	0.000	8.098	
oppose         	0.000	0.000	0.000	0.000	0.000	0.000	5.144	
companion      	0.000	0.000	0.000	0.000	2.677	0.000	0.000	
steep          	3.216	0.000	0.000	0.000	0.000	0.000	0.000	
enjoy          	0.000	0.000	1.204	0.903	0.903	2.830	0.000	
false          	0.000	0.000	0.000	0.000	0.000	0.000	6.883	
graphic        	0.000	0.000	0.000	1.495	0.000	0.000	0.000	
psychology     	4.207	0.000	2.804	0.000	0.000	0.000	0.000	
drunk          	0.000	0.000	0.000	0.000	0.000	0.000	2.108	
comedy         	0.000	3.237	0.000	1.214	1.619	1.214	0.000	
wondrous       	0.000	0.000	0.000	2.938	0.000	0.000	0.000	
splendid       	0.000	0.000	0.000	2.480	0.000	0.000	0.000	
wife           	0.000	0.000	5.368	0.000	0.000	0.000	0.000	
heartbreak     	0.000	0.000	0.000	0.000	0.000	0.000	7.421	
detective      	1.798	0.000	0.000	0.000	0.000	0.000	0.000	
foolish        	0.000	0.000	0.000	0.000	0.000	0.000	3.447	
linear         	0.000	11.256	0.000	0.000	0.000	0.000	0.000	
incomprehensible	3.386	0.000	0.000	0.000	0.000	0.000	0.000	
bright         	0.000	0.000	0.000	0.000	0.000	2.319	0.000	
happiness      	0.000	0.000	0.000	1.856	0.000	12.374	0.000	
grow           	1.399	0.000	0.000	1.399	0.000	0.000	0.000	
irony          	4.993	0.000	0.000	0.000	0.000	0.000	0.000	
obstacle       	2.938	0.000	0.000	0.000	0.000	0.000	0.000	
evil           	0.000	0.000	0.000	0.000	0.000	0.000	1.566	
romantic       	0.000	0.000	10.806	0.000	0.000	0.000	0.000	
script         	1.247	0.000	0.000	0.000	0.000	0.000	0.000	
silly          	0.000	0.000	0.000	0.000	0.000	0.000	4.304	
piss           	0.000	0.000	0.000	0.000	0.000	0.000	3.447	
soulmate       	0.000	0.000	3.425	0.000	0.000	0.000	0.000	
mental         	5.816	0.000	0.000	0.000	0.000	0.000	0.000	
special        	1.027	0.000	0.000	0.000	0.000	0.000	0.000	
help           	0.000	0.000	0.000	0.000	8.500	1.635	0.000	
lucidity       	3.983	0.000	0.000	0.000	0.000	0.000	0.000	
regret         	0.000	0.000	0.000	0.000	0.000	0.000	4.110	
relaxation     	0.000	5.831	0.000	0.000	0.000	0.000	0.000	
instant        	0.000	7.997	0.000	0.000	0.000	0.000	0.000	
revenge        	0.000	0.000	0.000	0.000	0.000	0.000	6.092	
encourage      	0.000	0.000	0.000	0.000	9.013	0.000	0.000	
mind           	1.936	0.000	0.000	0.000	0.000	0.000	0.000	
weaken         	0.000	4.956	0.000	0.000	0.000	0.000	0.000	
imaginary      	0.000	0.000	0.000	9.310	0.000	0.000	0.000	
tender         	0.000	5.547	3.698	4.314	4.314	5.547	0.000	
fellow         	0.000	0.000	0.000	0.000	1.842	0.000	0.000	
introspective  	2.938	0.000	0.000	0.000	0.000	0.000	0.000	
wedding        	0.000	0.000	2.630	0.000	0.000	0.000	0.000	
mature         	1.714	0.000	0.000	0.000	0.000	0.000	0.000	
abuse          	0.000	0.000	0.000	0.000	0.000	0.000	1.701	
riddle         	3.386	0.000	0.000	0.000	0.000	0.000	0.000	
magnificent    	0.000	0.000	0.000	1.547	0.000	0.000	0.000	
energy         	0.000	0.000	0.000	0.000	0.000	4.010	0.000	
young          	0.000	0.000	0.000	2.787	0.000	0.000	0.000	
spectacular    	0.000	0.000	0.000	0.000	0.000	1.944	0.000	
achieve        	2.249	0.000	0.000	0.000	0.000	0.000	0.000	
loose          	0.000	2.658	0.000	0.000	0.000	0.000	0.000	
anger          	0.000	0.000	0.000	0.000	0.000	0.000	11.003	
skill          	1.636	0.000	0.000	0.000	0.000	0.000	0.000	
childhood      	0.000	0.000	0.000	5.845	0.000	4.782	0.000	
bitter         	0.000	0.000	0.000	0.000	0.000	0.000	5.769	
heavenly       	0.000	0.000	0.000	2.513	0.000	0.000	0.000	
doll           	0.000	0.000	0.000	2.238	0.000	0.000	0.000	
innocent       	0.000	0.000	0.000	2.294	0.000	0.000	0.000	
delight        	0.000	0.000	0.000	0.000	0.000	4.464	0.000	
euphoria       	0.000	0.000	0.000	0.000	0.000	3.752	0.000	
seductive      	0.000	0.000	7.133	0.000	0.000	0.000	0.000	
hit            	0.000	0.000	1.865	0.000	0.000	0.000	1.119	
dark           	0.000	0.000	0.000	0.000	0.000	0.000	4.069	
anxiety        	0.000	0.000	0.000	0.000	0.000	0.000	2.953	
rage           	0.000	0.000	0.000	0.000	0.000	0.000	10.028	
sympathetic    	0.000	0.000	0.000	0.000	2.341	0.000	0.000	
importance     	1.878	0.000	0.000	0.000	0.000	0.000	0.000	
cheerful       	0.000	0.000	0.000	0.000	0.000	4.776	0.000	
decipher       	2.489	0.000	0.000	0.000	0.000	0.000	0.000	
enraged        	0.000	0.000	0.000	0.000	0.000	0.000	2.776	
youth          	0.000	0.000	0.000	1.838	0.000	0.000	0.000	
misery         	0.000	0.000	0.000	0.000	0.000	0.000	2.036	
silent         	0.000	1.930	0.000	0.000	0.000	0.000	0.000	
fancy          	0.000	0.000	0.000	7.171	0.000	0.000	0.000	
emphasize      	2.049	0.000	0.000	0.000	0.000	0.000	0.000	
insane         	0.000	0.000	0.000	0.000	0.000	0.000	4.211	
unusual        	1.728	0.000	0.000	0.000	0.000	0.000	0.000	
wait           	0.000	2.011	0.000	0.000	0.000	0.000	0.000	
humiliating    	0.000	0.000	0.000	0.000	0.000	0.000	8.442	
quiet          	0.000	8.356	0.000	0.000	0.000	0.000	0.000	
fellowship     	0.000	0.000	0.000	0.000	2.860	0.000	0.000	
solve          	7.438	0.000	0.000	0.000	0.000	0.000	0.000	
cutie          	0.000	0.000	0.000	2.641	0.000	0.000	0.000	
psychological  	4.383	0.000	0.000	0.000	0.000	0.000	3.287	
kid            	0.000	0.000	0.000	1.187	0.000	0.000	0.000	
cry            	0.000	0.000	0.000	0.000	1.271	0.000	1.271	
gag            	0.000	3.218	0.000	0.000	2.011	0.000	0.000	
relentless     	0.000	0.000	0.000	0.000	0.000	0.000	2.876	
chemistry      	0.000	0.000	9.425	0.000	0.000	0.000	0.000	
advise         	0.000	0.000	0.000	0.000	6.381	0.000	0.000	
express        	0.000	0.000	0.000	0.000	1.408	0.000	0.000	
cerebral       	2.113	0.000	0.000	0.000	0.000	0.000	0.000	
distract       	0.000	10.947	0.000	0.000	0.000	0.000	0.000	
little         	0.000	0.000	0.000	1.144	0.000	0.000	0.000	
attract        	0.000	0.000	8.031	0.000	0.000	0.000	0.000	
beauty         	0.000	0.000	1.867	0.000	0.000	0.000	0.000	
private        	0.000	0.000	2.266	0.000	0.000	0.000	0.000	
subtle         	3.438	0.000	0.000	0.000	0.000	0.000	0.000	
lover          	0.000	0.000	5.493	0.000	0.000	0.000	0.000	
happy          	0.000	0.000	0.000	1.310	0.000	8.207	0.000	
cartoon        	0.000	0.000	0.000	7.440	0.000	4.579	0.000	
symbolism      	1.950	0.000	0.000	0.000	0.000	0.000	0.000	
stimulate      	0.000	0.000	0.000	2.074	0.000	0.000	0.000	
aim            	2.051	0.000	0.000	0.000	0.000	0.000	0.000	
loyal          	0.000	0.000	0.000	0.000	11.891	0.000	0.000	
couple         	0.000	0.000	4.824	0.000	0.000	0.000	0.000	
message        	0.000	0.000	0.000	4.669	0.000	0.000	0.000	
tense          	1.822	0.000	0.000	0.000	0.000	0.000	0.000	
interpret      	4.955	0.000	0.000	0.000	0.000	0.000	0.000	
surprise       	1.061	0.000	0.000	0.000	0.000	0.000	0.000	
confuse        	3.537	0.000	0.000	0.000	0.000	0.000	0.000	
hypocrite      	0.000	0.000	0.000	0.000	0.000	0.000	5.377	
trustworthy    	0.000	0.000	0.000	0.000	3.582	0.000	0.000	
faith          	0.000	0.000	0.000	0.000	10.219	0.000	0.000	
partner        	0.000	0.000	6.574	0.000	0.000	0.000	0.000	
goodwill       	0.000	0.000	0.000	0.000	3.521	0.000	0.000	
rawness        	0.000	0.000	0.000	0.000	0.000	0.000	3.405	
teddy          	0.000	0.000	0.000	2.814	0.000	0.000	0.000	
promise        	0.000	0.000	2.289	0.000	0.000	0.000	0.000	
share          	0.000	0.000	0.000	0.000	9.110	0.000	0.000	
interpersonal  	0.000	0.000	0.000	0.000	3.290	0.000	0.000	
bless          	0.000	0.000	0.000	0.000	0.000	4.064	0.000	
complex        	10.066	0.000	0.000	0.000	0.000	0.000	0.000	
fantastic      	0.000	0.000	0.000	1.192	0.000	0.000	0.000	
offend         	0.000	0.000	0.000	0.000	0.000	0.000	9.108	
slack          	0.000	3.752	0.000	0.000	0.000	0.000	0.000	
difficult      	9.059	0.000	0.000	0.000	0.000	0.000	0.000	
shock          	3.442	0.000	0.000	0.000	0.000	0.000	3.442	
pique          	0.000	0.000	0.000	0.000	0.000	0.000	5.170	
peace          	0.000	3.578	0.000	0.000	0.000	6.799	0.000	
intelligent    	1.462	0.000	0.000	0.000	0.000	0.000	0.000	
landscape      	0.000	2.392	0.000	0.000	0.000	0.000	0.000	
attraction     	0.000	0.000	7.924	0.000	0.000	0.000	0.000	
plain          	0.000	12.473	0.000	0.000	0.000	0.000	0.000	
mad            	0.000	0.000	0.000	0.000	0.000	0.000	4.538	
teach          	1.396	0.000	0.000	0.000	0.000	0.000	0.000	
haunt          	1.704	0.000	0.000	0.000	0.000	0.000	0.000	
misunderstand  	5.692	0.000	0.000	0.000	0.000	0.000	0.000	
crazy          	0.000	0.000	0.000	0.000	0.000	1.756	0.000	
wild           	0.000	0.000	0.000	0.000	0.000	0.000	3.045	
faithful       	0.000	0.000	0.000	0.000	8.702	0.000	0.000	
dream          	0.000	0.000	1.969	6.597	0.000	0.000	0.000	
rational       	1.887	0.000	0.000	0.000	0.000	0.000	0.000	
teen           	0.000	1.865	0.000	2.487	1.492	6.217	0.000	
hot            	0.000	0.000	4.254	0.000	0.000	0.000	0.000	
pure           	0.000	0.000	2.011	0.000	0.000	0.000	0.000	
shameful       	0.000	0.000	0.000	0.000	0.000	0.000	2.776	
egotistical    	0.000	0.000	0.000	0.000	0.000	0.000	3.276	
challenge      	3.390	0.000	0.000	0.000	0.000	0.000	0.000	
concept        	3.192	0.000	0.000	0.000	0.000	0.000	0.000	
heart          	0.000	0.000	7.144	1.191	0.000	0.000	0.000	
powerful       	0.000	0.000	0.999	0.000	0.000	0.000	0.000	
scare          	0.000	0.000	0.000	0.000	0.000	0.000	2.257	
juvenile       	0.000	0.000	0.000	3.351	0.000	0.000	0.000	
wrath          	0.000	0.000	0.000	0.000	0.000	0.000	2.924	
amiable        	0.000	0.000	0.000	2.554	0.000	0.000	0.000	
please         	0.000	0.000	0.000	0.000	0.000	3.538	0.000	
storyline      	1.393	0.000	0.000	0.000	0.000	0.000	0.000	
fight          	0.000	0.000	0.000	0.000	0.000	0.000	4.817	
succeed        	0.000	0.000	0.000	0.000	0.000	2.086	0.000	
perplex        	3.752	0.000	0.000	0.000	0.000	0.000	0.000	
mate           	0.000	0.000	4.379	0.000	4.671	0.000	0.000	
brain          	6.296	0.000	0.000	0.000	0.000	0.000	0.000	
ambiguous      	7.345	0.000	0.000	0.000	0.000	0.000	0.000	
autobiography  	6.329	0.000	0.000	0.000	0.000	0.000	0.000	
proud          	0.000	0.000	0.000	1.747	0.000	3.493	0.000	
goal           	0.000	0.000	0.000	0.000	0.000	3.763	0.000	
realism        	0.000	0.000	0.000	0.000	0.000	0.000	2.212	
extraordinary  	0.000	0.000	0.000	0.000	0.000	2.098	0.000	
princess       	0.000	0.000	0.000	2.679	0.000	0.000	0.000	
animosity      	0.000	0.000	0.000	0.000	0.000	0.000	3.617	
empathy        	0.000	0.000	0.000	0.000	2.686	0.000	0.000	
supernatural   	0.000	0.000	0.000	4.107	0.000	0.000	0.000	
supporter      	0.000	0.000	0.000	0.000	2.457	0.000	0.000	
gross          	0.000	0.000	0.000	0.000	0.000	0.000	2.634	
