FILM	256	1	4	261	5	6	262	263	7	266	10	15	271	272	18	19	275	20	276	21	22	278	23	280	24	281	27	283	284	29	286	31	287	288	32	35	36	40	44	45	47	48	49	51	52	55	56	61	62	64	65	67	71	72	75	76	78	79	82	83	84	85	86	89	90	91	92	93	95	98	100	103	104	105	107	108	110	111	114	115	116	117	118	120	122	123	127	129	132	134	138	140	142	148	149	150	153	156	157	159	160	161	165	166	167	171	172	185	189	190	193	195	196	198	199	205	206	214	216	217	219	221	223	225	226	227	228	229	230	231	232	236	237	241	242	244	246	247	249	
[1]	0	0	0	0	0	[1497, 685, 1204]			0	0	0	0	0	[558, 340, 1511]			0	[497, 369, 234]			[1926, 1683, 1875]			0	0	0	0	0	0	0	0	0	0	0	[2353, 37, 184]			0	0	0	0	0	0	0	0	[2301, 2996, 1684]			0	0	0	0	0	0	0	0	0	0	0	0	0	0	0	0	[517, 2242, 151]			0	0	0	0	0	0	0	0	0	0	0	0	0	0	0	0	0	0	0	[494, 261, 361]			0	0	0	0	0	0	0	0	0	0	0	0	0	0	0	0	0	0	0	0	0	0	0	0	0	0	0	0	[1632, 2105, 1226]			0	0	0	0	0	0	0	0	0	0	0	0	0	0	0	0	0	0	0	0	[213, 1385, 1529]			0	0	0	0	0	0	0	0	0	0	0	0	0	0	0	0	
[2]	0	0	0	0	0	0	0	[212, 32, 45]			0	0	0	0	0	0	0	0	0	0	0	0	0	0	0	0	0	0	0	0	0	0	0	0	0	[1022, 752, 171]			0	0	0	0	0	0	0	0	0	[907, 1188, 1659]			0	0	0	0	0	0	0	0	0	[968, 2022, 1937]			0	0	0	0	0	0	0	0	0	0	0	0	0	[454, 1441, 214]			0	[3075, 220, 3231]			0	0	0	0	0	0	0	0	0	0	0	0	0	0	0	0	0	[1007, 650, 858]			0	0	0	0	0	0	0	0	[41, 533, 582]			0	0	0	0	0	0	0	0	0	0	0	0	0	0	0	0	0	0	0	0	0	0	0	0	0	0	0	0	0	[240, 2828, 2010]			0	0	0	0	0	0	0	0	[585, 246, 175]			0	0	0	
[3]	0	0	0	0	0	[1534, 2939, 2893]			0	0	0	0	0	0	0	0	0	[1324, 1174, 310]			0	0	0	0	0	0	0	[809, 822, 1231]			0	0	0	0	0	0	0	[1885, 1957, 29]			0	0	0	0	0	[154, 1096, 51]			0	0	0	0	0	0	0	0	0	0	0	0	0	0	0	0	0	0	0	0	0	0	0	0	0	0	0	0	0	0	0	0	0	0	0	0	[759, 3769, 381]			0	0	0	0	0	0	[4253, 1433, 342]			0	[1001, 821, 808]			0	0	0	0	0	0	0	0	0	0	0	0	0	0	0	0	0	0	0	0	0	0	0	0	0	0	[3070, 2265, 1381]			0	0	0	0	0	0	0	0	0	0	0	0	0	0	0	0	0	0	[1826, 1268, 956]			0	0	0	0	0	0	0	0	0	
[4]	0	0	0	0	0	0	0	0	0	0	0	0	0	0	0	[1467, 1349, 456]			0	0	0	0	0	0	0	0	0	0	0	0	0	0	0	[388, 2405, 650]			0	0	0	0	0	0	0	0	0	0	0	0	0	0	0	0	0	[76, 1210, 1449]			0	0	0	0	0	0	0	0	0	0	0	0	0	0	0	[1519, 1817, 885]			0	0	0	0	[2063, 1095, 533]			[1597, 1562, 3072]			0	0	0	0	0	0	0	0	0	0	[1958, 63, 2430]			0	0	0	0	0	0	0	0	0	0	0	0	0	0	0	0	0	0	0	0	0	0	0	0	0	0	0	0	0	0	0	0	0	0	0	0	0	0	0	0	0	[586, 482, 242]			0	0	0	0	[1244, 568, 2227]			0	0	[523, 279, 180]			0	0	0	0	0	0	
[1, 3]	0	0	0	[1119, 2643, 1380]			0	0	0	0	0	0	0	0	0	0	0	0	0	0	0	0	0	0	0	0	0	0	0	0	0	0	0	0	0	0	0	0	0	0	0	0	0	0	0	0	[2846, 3060, 1283]			0	0	0	0	[361, 397, 1973]			0	0	0	0	0	0	0	0	0	0	[3034, 4310, 5577]			0	0	0	0	0	0	0	0	0	[1869, 3420, 945]			[3090, 2560, 9]			0	0	0	0	0	[1613, 1056, 1503]			0	0	0	[4253, 1433, 342]			0	0	0	0	0	0	0	0	0	0	0	0	0	0	0	0	0	0	0	0	0	0	0	0	0	[1837, 1745, 686]			0	0	0	0	0	0	0	0	0	0	0	[1142, 4627, 922]			0	0	0	0	0	0	0	0	0	0	0	0	0	0	0	0	0	0	0	
[5]	0	0	0	0	0	0	0	[32, 290, 76]			0	0	0	0	0	0	0	0	0	0	0	0	0	0	0	0	0	0	0	0	0	0	0	0	0	[1148, 1022, 1189]			0	0	0	0	0	0	0	0	0	[1228, 1659, 907]			0	0	0	0	0	0	0	0	0	[1906, 1937, 1154]			0	0	0	0	0	0	0	0	0	0	0	0	0	[1441, 1131, 1631]			0	[3075, 112, 220]			[3203, 2615, 3631]			0	0	0	0	0	0	0	0	0	0	0	[3109, 229, 1430]			0	0	0	0	0	0	0	0	0	0	0	0	0	[41, 1351, 779]			0	0	0	0	0	0	0	0	0	0	0	0	0	0	0	0	0	0	0	0	0	0	0	0	0	0	0	0	0	0	0	0	0	0	0	0	0	0	[295, 585, 251]			0	0	0	
[1, 4]	0	0	0	0	0	0	[697, 1010, 505]			0	0	0	0	0	0	0	0	0	0	0	0	0	0	0	0	0	0	0	0	0	0	0	0	[388, 2346, 2405]			0	0	0	0	0	0	0	0	0	0	0	0	0	0	[3980, 5357, 1397]			[149, 904, 697]			0	0	0	0	0	0	0	0	0	0	0	0	0	0	0	0	[95, 431, 471]			[1519, 819, 1817]			0	0	0	0	0	0	0	0	[2441, 2084, 1863]			0	0	0	0	[1513, 1510, 1718]			0	0	[1958, 63, 1008]			0	0	0	0	0	0	0	0	0	0	0	0	0	0	0	0	0	0	0	0	0	0	0	0	0	0	0	0	0	0	0	0	0	0	[1097, 641, 796]			0	0	0	0	0	0	0	0	0	0	0	0	0	0	0	0	0	0	0	0	0	
[2, 3]	0	0	0	0	0	0	0	0	0	[1328, 191, 91]			0	0	0	0	0	0	0	0	0	0	0	0	[833, 824, 89]			[23, 822, 86]			0	0	0	0	0	0	0	0	0	0	0	0	0	0	0	0	0	0	0	0	0	0	0	[244, 514, 773]			0	0	0	0	0	0	0	0	0	0	0	0	0	0	0	0	0	[674, 3546, 3433]			0	0	0	0	0	0	0	0	0	0	0	0	0	0	0	0	[3013, 229, 1391]			0	0	0	0	0	0	[4765, 6000, 1472]			0	0	0	0	0	0	0	0	0	0	0	0	0	0	[1114, 88, 359]			0	0	0	0	0	0	0	0	0	[1212, 3486, 2793]			0	0	0	0	0	0	[1456, 1430, 1592]			0	0	0	0	0	0	0	0	0	0	0	0	0	0	0	0	0	
[6]	0	0	0	0	0	0	0	0	0	0	0	0	0	0	0	0	0	0	0	0	0	0	0	0	0	0	0	0	0	0	0	0	0	[1148, 316, 1185]			0	0	0	0	0	0	0	0	0	[342, 1204, 1448]			0	0	0	0	0	0	0	0	0	[1154, 1553, 1274]			0	0	0	0	0	0	0	0	0	0	0	0	0	[1131, 854, 949]			0	[3231, 1934, 3696]			[1728, 2022, 364]			0	0	0	0	0	0	0	0	0	0	0	[1019, 1175, 3116]			0	0	0	0	0	0	0	0	0	[68, 290, 42]			0	0	0	0	0	0	0	0	0	0	0	0	0	0	0	0	0	0	0	0	0	0	0	0	0	0	0	0	0	0	0	0	0	[3837, 339, 737]			0	0	0	0	0	0	0	0	[246, 165, 41]			0	0	0	
[1, 5]	0	0	0	0	0	0	0	0	0	0	0	0	0	0	0	[1002, 1341, 1177]			0	0	0	[384, 970, 876]			0	0	0	0	0	0	0	0	0	0	0	0	0	0	0	0	0	0	0	0	0	0	0	0	0	0	0	0	0	0	0	0	0	0	0	0	0	0	0	0	0	0	0	0	0	[3561, 2592, 2620]			0	0	0	0	0	[984, 1167, 156]			0	0	0	0	0	0	0	0	0	0	0	0	0	0	0	[155, 858, 1242]			0	[6000, 1472, 5660]			0	0	[370, 131, 14]			0	0	0	0	0	0	0	0	0	0	0	0	0	0	0	0	0	0	0	0	0	0	0	0	0	0	0	[358, 1610, 1333]			[1411, 510, 1456]			0	0	0	0	[240, 2562, 1332]			0	0	0	0	0	0	0	0	0	0	0	0	
[2, 4]	0	0	0	0	0	0	0	0	0	0	0	0	0	0	0	0	0	0	0	[18, 952, 46]			0	0	0	0	0	0	0	0	0	0	0	0	0	0	0	0	0	0	0	0	0	[1270, 641, 1221]			0	0	0	0	0	0	0	0	0	0	0	0	0	0	0	0	0	0	0	0	0	0	[133, 95, 683]			0	0	0	0	0	[3203, 1095, 2740]			[984, 1580, 1081]			0	0	0	0	0	0	0	0	0	0	0	0	0	0	0	0	0	0	0	0	0	0	0	0	0	0	0	0	0	[738, 1947, 433]			0	0	0	0	0	0	0	0	0	0	0	0	0	0	0	0	0	0	[1610, 358, 1893]			0	0	0	[586, 515, 242]			0	0	0	0	0	0	0	[238, 523, 279]			[190, 392, 185]			0	0	0	0	0	
[7]	0	0	0	0	[1190, 1551, 2521]			[2939, 2854, 3941]			0	0	0	0	0	0	0	0	0	0	0	[2275, 3719, 2691]			0	0	0	0	0	0	0	0	[37, 90, 392]			0	0	0	0	0	0	0	0	0	0	0	0	[1105, 1153, 1765]			0	0	0	0	0	0	0	0	0	0	0	0	0	0	[931, 373, 383]			0	0	0	0	0	0	0	0	0	0	0	0	0	0	0	0	0	0	0	0	0	0	0	0	0	0	[1215, 2991, 3005]			0	0	0	0	0	0	0	0	0	0	0	0	[983, 678, 1576]			0	0	0	0	0	0	0	0	0	0	0	0	0	0	0	0	0	0	0	[1961, 2209, 3214]			0	0	0	0	0	0	0	[2140, 1507, 53]			0	0	0	0	0	0	0	0	0	0	0	0	0	0	0	0	
[1, 6]	0	0	0	0	0	0	0	0	0	[1328, 2365, 827]			[2958, 3926, 5842]			0	0	0	0	0	0	0	0	0	0	0	0	[822, 730, 1231]			0	0	0	0	0	0	0	0	0	0	0	0	0	0	0	0	[421, 718, 272]			0	0	0	0	0	0	0	0	0	0	0	0	0	0	0	0	0	0	0	0	0	0	0	0	0	0	[1131, 1521, 694]			0	0	0	0	0	0	0	0	0	0	0	0	0	0	0	0	0	0	0	[11, 525, 1242]			0	0	0	0	0	[1763, 830, 731]			0	0	[712, 315, 189]			0	0	0	0	0	0	0	0	0	0	0	0	0	0	0	0	0	[1446, 2743, 120]			0	0	0	0	0	0	0	0	0	0	0	0	0	0	[1652, 1615, 1826]			0	0	0	0	0	0	0	0	0	
[2, 5]	0	0	0	0	0	0	0	0	0	0	0	0	0	0	0	0	0	0	0	0	0	0	0	[86, 23, 760]			0	0	0	0	0	0	0	0	0	[1022, 1148, 752]			0	0	0	0	0	0	[680, 977, 1]			0	0	0	0	0	0	0	0	0	0	0	0	0	0	0	0	0	0	0	0	0	0	0	0	0	0	0	0	0	0	0	0	0	0	0	0	0	0	[1526, 97, 709]			0	0	0	0	0	0	0	0	[482, 158, 145]			0	0	0	[14, 131, 290]			0	0	0	0	0	0	0	0	0	0	0	0	0	0	0	0	0	0	0	0	0	0	0	0	0	0	0	0	0	0	[958, 159, 778]			[515, 5, 586]			[211, 149, 329]			0	0	0	0	0	0	[530, 378, 298]			0	0	0	0	0	0	
[1, 7]	0	0	0	0	0	0	0	0	0	0	0	0	0	0	0	0	0	[2691, 3237, 4150]			0	0	0	0	0	0	0	0	0	0	0	0	[2, 431, 1958]			0	0	0	[280, 2349, 1962]			0	[1962, 1265, 848]			0	[3668, 4896, 4091]			0	0	0	0	0	0	0	0	0	0	0	0	0	0	0	0	0	0	0	0	0	0	0	0	0	0	0	0	0	0	0	0	0	0	0	0	0	0	0	0	0	0	0	0	0	[1095, 620, 3471]			0	0	0	0	0	0	0	0	0	0	0	0	[1134, 366, 879]			0	0	0	0	0	0	0	0	0	0	0	0	0	[522, 714, 2104]			0	0	0	0	0	0	0	0	0	0	0	0	0	0	0	[315, 2425, 1279]			0	0	0	0	0	0	0	0	[1578, 201, 944]			0	0	
[2, 6]	0	0	0	0	0	0	0	[32, 290, 76]			0	0	0	0	0	0	0	0	0	0	0	0	0	0	0	0	0	0	0	0	0	0	0	0	0	0	0	0	0	0	0	0	0	0	0	0	0	0	[4245, 3980, 1157]			0	0	0	0	0	0	0	0	0	0	0	0	[5662, 2926, 3001]			0	0	0	0	0	[422, 674, 2396]			0	0	0	0	0	0	0	0	0	0	0	0	0	0	0	0	0	0	0	0	0	0	0	0	0	[437, 124, 413]			0	0	0	[144, 423, 661]			0	0	0	0	0	0	0	0	0	0	0	0	0	0	0	0	0	0	0	0	0	0	[1096, 1099, 1434]			0	[358, 1893, 589]			0	0	0	0	0	0	0	0	0	0	0	0	0	[59, 29, 30]			0	0	0	[104, 3, 132]			
[3, 6]	0	0	0	0	0	0	[1242, 1536, 1752]			0	0	0	0	0	0	0	0	0	0	0	0	0	[131, 759, 282]			0	0	0	0	0	0	0	0	0	0	0	0	[1148, 894, 57]			0	0	0	0	0	0	0	0	0	0	0	0	0	0	0	0	0	0	0	[2200, 549, 2211]			0	0	0	[499, 1250, 526]			0	0	0	0	0	0	0	0	0	0	0	0	0	[1597, 2908, 1206]			0	0	0	0	0	0	0	[717, 1133, 1131]			0	0	0	0	0	0	0	0	0	0	0	0	0	0	0	0	0	0	0	0	0	0	0	0	0	0	0	[1745, 49, 1356]			0	[723, 692, 988]			0	0	0	[267, 781, 895]			0	0	0	0	0	0	0	0	0	0	0	0	0	0	0	0	0	0	0	0	0	0	0	0	0	
[2, 7]	0	0	0	0	0	0	0	0	0	0	[4351, 2030, 5263]			[2156, 1131, 2558]			0	0	0	0	0	0	0	0	0	0	0	0	[2424, 1692, 15]			0	0	0	0	[21, 1257, 1629]			0	0	0	0	0	[2553, 3068, 2980]			0	0	0	0	0	0	0	0	0	[886, 958, 427]			0	0	0	0	0	0	0	0	0	0	0	0	0	0	0	0	0	0	0	0	0	0	0	0	0	0	0	0	0	[299, 937, 986]			0	0	0	0	0	0	0	0	0	0	0	0	0	0	0	0	0	0	0	0	0	0	0	[3565, 986, 301]			0	0	0	0	0	0	0	0	0	0	0	0	0	0	0	[980, 1414, 1374]			0	0	0	[8, 5145, 4431]			0	0	0	0	0	0	0	0	0	0	0	0	0	0	0	0	0	0	0	
[3, 7]	0	0	0	0	0	0	0	0	0	0	0	0	0	0	0	0	0	0	0	0	0	0	0	0	0	0	0	0	0	0	0	0	0	0	0	0	0	0	0	0	0	0	0	0	[3060, 2846, 518]			0	0	0	0	0	0	[228, 80, 247]			0	0	0	0	0	0	0	0	0	0	0	[514, 312]			0	0	0	0	0	0	0	0	0	0	0	0	0	0	0	0	0	0	0	0	0	0	[750, 1462, 1424]			0	0	0	0	0	0	0	0	0	0	0	[1325, 29, 936]			0	0	0	0	0	0	[534, 374, 110]			0	0	[649, 483, 986]			0	0	0	0	0	0	0	[1307, 622, 668]			[732, 11, 641]			0	0	0	0	0	0	0	0	0	0	0	[1826, 2510, 1988]			0	0	0	0	0	0	0	0	0	
[4, 6]	[87, 134, 120]			0	0	0	0	0	0	0	0	0	0	0	0	0	0	[53, 1467, 1349]			0	0	0	0	0	0	0	0	0	[1674, 2227, 1537]			0	0	0	0	0	0	0	0	0	0	0	0	0	0	0	0	0	0	0	0	0	[149, 994, 856]			0	[1449, 1962, 4]			0	0	0	0	0	0	0	0	0	0	0	0	0	0	0	[1519, 1384, 3561]			0	0	0	0	0	0	0	0	[1606, 3242, 2413]			0	0	0	0	0	0	0	0	0	0	0	0	0	0	0	0	0	0	0	0	0	0	0	0	0	0	0	0	0	[88, 1918, 1544]			0	0	0	0	0	0	0	0	0	0	0	0	0	0	0	0	0	0	0	0	0	0	0	0	0	0	0	[305, 279, 412]			[185, 141, 256]			0	0	0	0	0	
[1, 3, 6]	0	0	0	0	0	0	0	0	0	0	0	0	0	0	0	0	0	0	0	0	0	0	0	0	0	0	0	0	0	0	0	0	0	0	0	0	0	0	0	0	0	0	0	[342, 910, 612]			0	0	0	0	[143, 660, 1814]			0	0	0	0	0	0	0	[1171, 314, 345]			0	0	0	0	0	0	0	0	0	0	0	0	0	0	0	0	[1176, 841, 1300]			0	0	0	0	0	0	0	0	0	0	0	0	0	0	0	[4511, 4172, 942]			0	0	0	0	0	0	0	0	0	[199, 2921, 122]			0	0	0	[948, 2555, 1727]			0	0	[1536, 198, 1587]			0	0	0	[3070, 2265, 3802]			0	0	0	0	0	0	0	0	0	0	0	0	0	0	0	0	0	0	0	0	[1035, 1883, 589]			0	0	0	0	0	0	0	
[4, 7]	0	0	0	0	0	0	[1010, 697, 505]			0	0	0	0	0	0	0	0	0	0	0	0	0	0	0	0	0	0	0	0	0	0	0	0	0	0	0	0	0	0	0	0	0	0	0	0	0	0	0	0	0	[1091, 1162, 2361]			0	[345, 298, 803]			0	0	0	0	0	0	0	0	0	0	0	0	0	0	0	0	0	0	0	[2063, 22, 1095]			0	0	0	0	0	0	[167, 985, 1172]			0	[1513, 1361, 181]			0	0	0	0	0	0	0	0	0	0	0	0	0	0	0	0	0	0	0	0	[164, 318, 450]			0	0	[2555, 107, 2518]			0	0	0	[1366, 1745, 1353]			0	0	0	0	0	[1133, 1030, 1168]			0	0	0	0	0	0	0	0	0	0	0	0	0	0	0	0	0	0	0	0	0	0	0	0	0	
[5, 6]	0	0	0	0	0	0	0	0	0	0	0	0	0	0	0	0	0	0	0	0	0	0	[833, 309, 512]			[86, 23, 760]			0	0	0	0	0	0	0	0	0	0	0	0	0	0	0	0	0	0	0	0	0	0	0	0	0	0	0	0	0	0	0	0	0	0	0	0	0	0	0	0	[399, 684, 133]			0	0	0	0	0	0	0	0	0	0	0	0	0	0	0	0	0	0	0	0	0	0	[858, 1242, 155]			0	0	0	0	0	0	0	0	0	0	0	0	0	[1833, 533, 348]			0	0	0	0	0	0	0	0	0	0	0	0	0	0	0	0	0	0	0	[510, 1518, 1411]			0	[778, 54, 176]			[515, 242, 586]			0	0	0	[172, 55, 65]			0	0	0	0	0	[59, 29, 30]			0	0	0	0	
[1, 3, 7]	0	0	0	0	0	0	0	0	[3300, 2202, 3725]			0	0	0	0	0	0	0	0	0	0	0	0	[307, 1435, 1323]			0	0	0	0	0	0	0	0	0	0	[294, 698, 32]			0	0	0	0	0	0	0	0	0	0	0	0	0	0	0	0	0	0	0	0	0	0	0	0	0	0	0	[3034, 1320, 5577]			[270, 1480, 1293]			0	0	0	0	0	0	[2504, 836, 26]			0	0	0	0	0	0	0	0	0	[3127, 1710, 5377]			0	0	0	0	[1001, 1320, 821]			0	0	0	0	0	0	[1361, 39, 1286]			0	0	0	0	0	0	0	0	0	0	0	0	0	0	0	0	0	0	0	[3070, 2265, 2813]			0	0	0	0	0	0	0	0	0	0	0	0	0	0	0	0	0	0	0	0	0	0	0	0	0	0	0	0	
[1, 4, 6]	0	0	0	0	0	0	0	0	0	0	0	0	0	0	0	0	0	0	0	0	0	0	0	0	[982, 2120, 1132]			0	0	0	0	0	0	[388, 2346, 2405]			0	0	0	0	0	0	0	0	0	0	0	[14, 342, 770]			[1091, 168, 995]			0	0	0	0	0	0	0	0	0	0	0	0	0	0	0	0	0	0	0	0	0	0	0	0	[3231, 1128, 4227]			0	0	0	0	0	0	0	0	0	0	0	0	[1958, 63, 1364]			0	0	0	0	0	[234, 396, 136]			0	0	0	0	0	0	0	0	0	0	0	0	0	0	0	0	0	0	0	0	0	0	0	0	0	0	0	0	[1047, 486, 641]			0	[860, 3571, 1454]			0	0	0	0	0	0	0	0	0	[1615, 1652, 1244]			0	0	0	0	0	0	0	0	0	
[2, 3, 6]	0	[1783, 1363, 3081]			0	0	0	0	0	0	0	0	0	0	[99, 1206, 35]			0	0	0	0	0	0	[46, 526, 970]			0	0	0	0	0	0	0	0	[1353, 2125, 2174]			0	0	0	0	0	0	0	0	0	0	0	0	0	0	0	0	0	0	0	0	0	0	0	0	0	0	0	0	0	0	0	0	0	0	0	0	0	0	0	0	0	[2696, 3203, 945]			0	0	0	0	0	0	0	0	0	0	0	0	0	0	0	0	0	0	0	0	0	0	[830, 1763, 613]			0	0	[41, 315, 565]			0	0	0	0	0	0	0	0	0	0	0	0	0	0	0	[982, 150, 2042]			0	0	0	0	0	0	0	0	0	0	0	0	0	[240, 737, 3581]			0	0	0	0	0	0	0	0	[246, 585, 73]			0	0	0	
[5, 7]	0	0	0	0	0	0	0	0	0	[4091, 497, 2816]			0	0	0	0	0	0	0	0	0	0	0	0	0	0	0	0	0	0	0	0	0	0	0	0	0	0	0	0	0	0	0	0	0	[1228, 1659, 1389]			0	0	[4245, 6046, 3980]			[742, 1238, 244]			0	0	0	0	0	0	0	0	0	0	0	[2926, 3176, 4826]			0	0	0	0	0	0	0	[1441, 1131, 1631]			0	0	0	0	0	0	0	0	0	0	0	0	0	0	0	0	0	0	0	0	0	0	0	0	0	[906, 1900, 1309]			0	0	0	0	0	0	0	[1833, 533, 193]			0	0	[1678, 584, 1616]			0	0	0	0	0	0	0	0	0	0	0	0	0	0	0	0	0	0	0	0	0	0	0	0	0	0	0	0	0	0	0	0	[445, 690, 591]			0	
[1, 4, 7]	0	[3049, 1853, 2266]			[1528, 195, 21]			0	0	0	0	0	0	0	0	0	0	0	0	0	0	0	0	0	0	0	0	0	0	0	0	0	0	0	0	0	0	0	0	0	[2207, 2350, 1949]			0	0	0	0	0	0	0	0	0	0	0	0	[1309, 76, 1162]			0	0	0	[772, 689, 933]			0	0	0	0	0	[1229, 996, 4196]			0	0	0	0	0	0	0	0	0	0	0	0	0	0	[2084, 1863, 2441]			0	[318, 686, 879]			0	0	0	0	0	0	0	0	0	0	0	0	0	0	0	0	0	0	0	0	0	0	0	0	0	[272, 2260, 290]			0	0	0	0	0	0	0	0	0	0	0	0	0	0	0	0	0	0	0	0	0	0	0	0	0	0	0	0	0	0	0	0	0	[3390, 3068, 1535]			0	0	
[1, 5, 6]	0	0	0	0	0	0	0	0	0	0	0	[116, 342, 755]			0	0	0	0	0	0	0	0	0	0	0	0	0	0	0	0	0	[512, 21, 1855]			0	0	0	0	0	0	0	0	0	0	0	[641, 1270, 199]			[116, 377, 109]			0	0	0	0	0	0	0	0	0	0	0	0	0	0	0	0	0	0	0	0	0	0	0	0	0	0	0	[2042, 1728, 3370]			[1167, 156, 984]			0	0	0	0	0	0	0	0	0	0	0	0	0	0	0	0	0	0	0	0	0	0	0	[601, 223, 447]			0	0	0	0	0	0	0	0	0	0	0	[49, 875, 14]			0	0	0	0	0	0	0	[980, 1414, 348]			0	0	0	0	0	0	0	0	0	0	0	0	0	0	0	0	0	0	0	[73, 41, 295]			0	0	0	
[2, 3, 7]	0	0	0	0	0	0	0	0	0	0	[6915, 4351, 78]			0	0	0	0	0	[138, 169, 199]			0	0	0	0	0	0	0	0	0	0	0	0	0	0	0	0	0	0	0	0	0	0	0	0	[1270, 680, 1042]			0	0	0	0	0	0	0	[361, 319, 1160]			0	0	0	0	0	0	0	[2704, 1567, 1476]			0	0	0	0	0	0	0	0	0	0	0	[3075, 3231, 1614]			0	0	0	0	0	0	0	0	0	0	[492, 1048, 445]			0	[3013, 1628, 2055]			0	0	0	0	0	0	0	0	0	0	0	0	0	0	0	0	0	0	0	0	0	0	0	0	0	0	0	0	0	0	0	0	0	0	0	0	0	0	0	0	0	0	0	[2828, 240, 3581]			0	0	0	0	[1883, 1035, 589]			0	0	0	0	0	0	0	
[2, 4, 6]	0	0	0	0	0	0	0	0	0	0	0	0	0	0	0	[1341, 53, 1467]			0	0	0	0	0	0	0	0	0	0	0	0	0	0	[2371, 2672, 1056]			0	0	[1148, 693, 1022]			0	0	0	0	0	0	[977, 680, 23]			0	[116, 305, 40]			0	0	0	0	0	0	0	0	0	0	0	0	0	0	0	0	0	0	0	[197, 262, 207]			0	0	0	0	[854, 454, 1441]			0	0	0	0	0	0	0	0	0	0	0	0	0	0	0	0	0	0	0	[1242, 858, 916]			0	[5563, 1472, 6000]			0	0	0	0	0	0	0	0	0	0	0	0	0	0	0	0	0	0	0	0	0	0	0	0	0	0	0	0	0	0	0	[173, 1389, 1518]			0	0	0	0	0	0	0	0	0	0	0	0	0	0	0	0	0	
[1, 5, 7]	0	[1363, 1350, 1853]			0	0	0	0	0	0	0	0	0	0	0	0	0	0	0	0	0	0	0	0	0	0	0	0	0	[701, 896, 1534]			[179, 794, 177]			0	0	0	0	0	0	0	0	0	0	0	0	0	0	0	0	[958, 923, 364]			0	0	[1444, 2097, 143]			0	0	0	0	[772, 1349, 933]			0	0	0	0	[930, 1340, 1211]			0	0	0	0	0	0	0	0	0	0	0	0	0	0	0	0	0	0	0	0	0	0	0	0	0	0	0	0	0	0	0	0	0	0	0	0	0	0	0	0	0	0	0	0	0	0	0	[1574, 738, 1587]			0	0	0	0	0	0	0	0	0	0	0	[1096, 1099, 1434]			0	0	0	0	0	0	0	0	0	0	0	0	[2212, 2167, 1869]			0	0	0	0	0	0	0	
[2, 4, 7]	0	0	0	0	0	0	0	0	0	0	0	0	0	0	0	0	0	0	0	0	0	0	[512, 833, 723]			0	0	0	0	0	0	0	0	0	0	0	0	0	0	0	0	0	0	0	0	[1659, 907, 14]			0	0	0	0	0	0	0	0	0	0	0	0	0	0	0	0	0	0	0	0	0	0	0	0	0	[3075, 220, 3608]			0	[1597, 1081, 984]			0	0	0	0	0	0	0	0	0	0	[1958, 3706, 2714]			0	0	[49, 70, 679]			0	0	0	0	0	0	[131, 290, 798]			0	0	0	0	0	0	0	0	0	0	0	0	0	0	0	0	0	0	0	0	0	0	0	0	0	0	0	0	0	0	0	0	0	[240, 2828, 2351]			[593, 1057, 2145]			0	0	0	0	0	0	0	0	[3390, 2345, 2774]			0	0	
[2, 5, 6]	[87, 119, 73]			0	0	0	0	0	0	0	0	0	0	0	0	0	0	0	0	0	[440, 545, 6]			0	[282, 862, 702]			0	0	0	0	0	0	0	0	0	0	0	0	0	0	0	0	0	0	0	0	0	0	0	0	0	0	0	0	0	0	0	0	0	0	[844, 1297, 1529]			0	0	0	0	0	0	[197, 262, 207]			0	0	0	[414, 246, 529]			0	0	0	0	0	0	0	0	0	0	0	0	0	0	0	0	0	0	0	0	0	[158, 145, 396]			0	0	0	0	0	0	0	0	0	0	0	0	0	0	0	0	0	0	0	0	0	0	0	0	0	[1446, 120, 1445]			0	0	0	0	0	0	0	0	0	0	[211, 149, 329]			0	0	0	0	0	0	0	0	0	0	0	0	[104, 3, 85]			
[2, 5, 7]	0	0	0	0	0	0	0	0	0	0	0	0	0	0	0	0	0	0	0	0	0	0	0	0	0	[574, 559, 1412]			0	0	0	0	0	0	0	0	0	0	0	0	0	0	[680, 977, 1]			0	0	0	[367, 2358, 2303]			0	0	0	0	0	0	0	0	0	0	0	0	0	0	0	[958, 5363, 4204]			0	0	0	0	[674, 4051, 3546]			0	0	0	0	0	0	0	0	[597, 1593, 4339]			0	0	0	0	0	0	0	0	0	0	[679, 422, 688]			0	0	0	0	0	0	0	0	0	0	0	0	0	0	0	0	[646, 2042, 1171]			0	0	0	0	0	0	[1183, 744, 723]			0	0	0	0	0	0	0	0	0	0	0	0	0	0	0	0	0	0	0	0	[448, 268, 461]			0	0	0	0	0	0	0	0	
