FILM	HA	LA	CO	BA	FR	GM	BM
1     	3420	1996	1251	1419	2676	180	1473	
2     	1476	978	507	999	580	907	688	
3     	122	266	418	272	46	58	209	
4     	2633	1117	2948	21	2836	1117	1989	
5     	2501	186	1024	1699	2063	1856	2618	
6     	609	46	328	3537	225	3293	2541	
7     	890	4041	2099	102	819	4041	2317	
8     	47	556	548	537	575	446	245	
9     	647	1491	1244	1326	271	272	1397	
10    	6652	3864	5202	1791	4752	2891	552	
11    	1616	1006	1106	176	629	1366	1137	
12    	152	448	836	643	49	822	644	
13    	295	252	549	32	446	73	487	
14    	271	515	938	486	520	78	580	
15    	1631	913	2201	776	1547	955	2870	
16    	51	118	32	272	209	32	247	
17    	836	632	1139	1249	1158	964	262	
18    	499	1790	859	1980	94	1270	1200	
19    	768	1271	310	139	1210	1177	985	
20    	3144	891	622	4120	647	2699	1888	
21    	340	603	204	18	570	457	728	
22    	894	300	449	602	24	708	595	
23    	671	732	844	315	178	443	180	
24    	1745	2544	1236	1087	928	117	2019	
25    	432	527	1568	832	1071	1852	800	
26    	102	97	105	231	323	558	50	
27    	1793	2621	2634	433	182	2621	1917	
28    	72	702	650	1062	919	251	44	
29    	1139	1688	1382	683	764	1100	1707	
30    	1245	1572	824	1768	1058	429	1648	
31    	2109	693	1957	778	428	1224	2008	
32    	739	2615	2756	2589	1407	1339	1566	
33    	814	874	543	256	1264	1458	957	
34    	358	762	129	971	267	1044	1008	
35    	685	2538	133	276	1104	715	1190	
36    	423	1974	1948	2430	79	1499	2327	
37    	999	1122	1053	1098	166	78	877	
38    	324	1030	1139	1221	158	503	150	
39    	672	223	384	46	653	154	545	
40    	327	642	375	59	707	1182	297	
41    	603	243	432	1974	1993	43	1137	
42    	255	22	469	533	332	22	616	
43    	563	150	1911	3319	1284	362	651	
44    	1770	5122	4032	1116	4132	4751	4151	
45    	624	215	429	1277	1904	215	1922	
46    	450	525	573	539	573	47	603	
47    	665	537	1110	425	155	537	806	
48    	187	1099	1113	1077	89	826	476	
49    	144	247	144	52	234	297	253	
50    	109	391	793	203	300	391	378	
51    	1646	1094	1478	1675	406	1525	851	
52    	412	2148	1765	1091	1699	367	2938	
53    	172	435	375	929	406	52	618	
54    	9	27	74	103	109	26	132	
55    	631	789	122	100	1630	155	104	
56    	1208	500	2470	1569	2273	5306	5760	
57    	334	30	17	178	650	276	674	
58    	367	346	440	879	1046	1005	713	
59    	712	561	167	180	169	741	22	
60    	208	350	160	408	218	269	242	
61    	869	452	1427	891	1346	358	215	
62    	265	177	711	1811	1334	2050	1817	
63    	123	959	286	451	1453	613	1069	
64    	1212	56	567	214	1239	978	853	
65    	822	1055	67	1424	120	251	580	
66    	112	220	100	138	835	261	133	
67    	369	457	228	415	504	460	23	
68    	435	36	251	209	251	118	393	
69    	711	162	785	255	331	9	456	
70    	740	79	467	901	836	409	686	
71    	2561	650	2262	248	2688	2318	1383	
72    	689	1329	1230	1458	1267	180	2089	
73    	18	62	69	29	46	17	102	
74    	142	471	248	171	225	463	382	
75    	501	408	1030	854	988	427	510	
76    	849	424	1284	1814	116	1070	1416	
77    	121	23	116	99	112	116	117	
78    	456	993	316	161	1092	967	133	
79    	1868	547	1876	2516	837	547	325	
80    	597	456	1047	2297	1261	2328	2297	
81    	601	1583	959	712	871	537	1428	
82    	1223	1284	1157	822	262	885	896	
83    	2473	2868	3845	3830	582	5807	198	
84    	3619	5437	3459	1407	1081	561	957	
85    	107	659	1507	1373	1516	971	705	
86    	344	198	295	72	257	109	226	
87    	856	779	198	744	565	53	596	
88    	1977	330	752	2636	173	2442	2312	
89    	128	118	369	152	452	505	379	
90    	413	883	708	797	826	934	178	
91    	3762	3301	1824	887	1372	1573	1920	
92    	838	802	404	679	778	177	229	
93    	402	365	681	834	1213	423	1481	
94    	188	219	58	2	153	188	97	
95    	1255	1277	2504	667	2185	661	97	
96    	612	504	619	713	296	691	760	
97    	396	333	562	561	17	359	303	
98    	471	3162	1257	4338	792	1191	1464	
99    	1222	1382	116	1305	1305	1085	766	
100   	1178	583	2259	1242	2512	2128	1417	
101   	334	333	231	129	47	307	151	
102   	62	509	339	115	73	470	206	
103   	1272	2180	1865	2976	1442	3337	463	
104   	775	2425	238	1546	3235	1526	3153	
105   	731	671	404	1598	1172	112	375	
106   	641	1127	1089	1198	208	149	1457	
107   	1395	551	2962	2290	2891	1473	588	
108   	292	357	432	191	1090	981	836	
109   	407	96	566	645	353	604	280	
110   	766	1226	1108	618	317	793	480	
111   	196	1647	1242	918	147	1236	1270	
112   	299	216	189	305	187	212	154	
113   	24	344	56	285	906	344	831	
114   	2320	5425	3	4085	2413	3843	4800	
115   	337	1051	502	2058	403	266	1041	
116   	762	1194	1261	660	608	538	310	
117   	1373	5182	4157	5026	3002	2797	1001	
118   	1531	2826	2418	3607	1762	1915	2409	
119   	53	602	274	541	418	354	704	
120   	407	564	737	834	1607	309	254	
121   	836	529	113	861	131	553	45	
122   	3157	2483	3478	2974	3060	1568	1388	
123   	154	9	624	623	588	149	450	
124   	171	2	63	195	43	35	161	
125   	437	850	1440	1456	985	1105	176	
126   	131	354	148	121	154	59	229	
127   	328	1666	69	1007	1152	212	1740	
128   	1086	215	868	283	111	104	938	
129   	1046	1007	808	405	277	155	603	
130   	267	66	558	558	423	460	245	
131   	128	29	312	73	222	300	149	
132   	382	158	285	468	399	487	158	
133   	534	227	11	24	52	250	24	
134   	5037	1647	731	1256	6320	1635	1239	
135   	616	1489	1576	1600	1744	148	734	
136   	371	306	151	114	382	179	281	
137   	768	292	385	1596	385	108	1330	
138   	439	1613	1022	319	632	1330	1737	
139   	84	141	426	14	163	126	400	
140   	160	586	481	6	106	586	98	
141   	347	544	579	685	579	466	407	
142   	619	596	160	798	602	596	538	
143   	255	309	140	78	313	434	116	
144   	335	379	253	279	192	136	378	
145   	90	110	131	278	415	463	444	
146   	856	322	891	700	329	398	234	
147   	611	368	294	604	206	447	617	
148   	700	821	1692	297	2158	821	115	
149   	1427	1770	356	2245	2221	2004	688	
150   	16	286	299	408	471	447	585	
151   	367	929	249	729	895	751	960	
152   	1907	959	271	1350	1738	1682	182	
153   	943	378	202	12	1097	1230	794	
154   	516	461	591	764	507	597	81	
155   	348	269	870	176	178	533	664	
156   	1384	1101	883	886	1129	1183	578	
157   	1772	24	1375	2188	1832	754	1247	
158   	950	603	1018	560	283	55	1060	
159   	595	1407	199	2282	3277	193	2956	
160   	572	442	520	88	520	144	298	
161   	222	989	1931	1357	1684	1299	870	
162   	1004	654	1535	655	1257	964	1008	
163   	584	226	585	364	148	236	360	
164   	651	349	216	259	532	682	326	
165   	1921	2197	2237	1029	1569	948	2483	
166   	1985	2209	2214	1198	1430	1836	494	
167   	3278	2675	1782	232	110	1616	1282	
168   	251	239	266	558	136	239	395	
169   	391	49	49	337	392	272	32	
170   	17	58	4	16	4	149	168	
171   	1909	439	374	393	822	1121	844	
172   	1494	1247	1653	823	433	65	1421	
173   	85	289	111	220	239	223	312	
174   	411	60	263	379	370	60	397	
175   	152	140	148	193	152	140	222	
176   	389	117	216	886	1068	624	884	
177   	454	258	99	333	371	289	187	
178   	173	84	373	174	81	137	199	
179   	409	181	8	647	182	832	9	
180   	1276	1074	583	660	867	1251	538	
181   	1007	752	468	756	916	211	572	
182   	612	258	273	278	328	159	298	
183   	1442	51	1777	958	522	1780	1743	
184   	59	251	152	183	214	232	337	
185   	1047	1736	865	1891	156	1246	1947	
186   	861	1879	649	1152	461	1949	899	
187   	283	1	302	278	49	451	68	
188   	1320	2017	79	1688	2241	395	2195	
189   	1328	1329	649	1590	421	735	1624	
190   	1134	549	497	33	471	1183	770	
191   	147	126	235	130	137	126	185	
192   	784	1120	269	1214	943	1259	1085	
193   	2202	4441	1531	4727	2689	4213	330	
194   	1459	35	1340	129	750	475	139	
195   	1330	552	501	1082	159	872	1029	
196   	2423	3218	2724	3638	2515	195	1557	
197   	105	814	627	203	651	289	511	
198   	326	718	334	605	191	333	1030	
199   	1727	3078	710	3458	3236	1438	1961	
200   	28	41	1039	310	781	929	125	
201   	342	96	130	379	105	24	265	
202   	294	222	392	227	372	426	134	
203   	77	706	209	139	583	242	35	
204   	42	38	25	83	81	136	158	
205   	241	627	794	979	1692	434	753	
206   	315	685	512	252	1295	490	1641	
207   	503	398	67	600	92	674	330	
208   	147	211	835	441	682	318	730	
209   	93	81	50	100	30	104	151	
210   	1069	218	1110	657	1168	170	619	
211   	93	242	59	144	242	8	149	
212   	315	786	696	1238	1445	421	1172	
213   	772	1770	800	522	680	967	473	
214   	1159	1102	1	187	70	709	59	
215   	302	445	305	257	168	274	375	
216   	2007	1337	1401	2307	1936	1652	348	
217   	909	2866	3004	2993	998	4816	921	
218   	727	291	535	598	105	607	306	
219   	1705	664	1422	350	540	825	1098	
220   	483	742	888	334	223	774	37	
221   	1032	450	1430	26	910	931	1341	
222   	183	393	179	741	188	804	470	
223   	487	1873	382	1198	616	587	863	
224   	206	96	160	215	160	187	153	
225   	559	81	294	564	383	407	406	
226   	192	7	29	474	226	596	562	
227   	199	273	353	150	32	149	365	
228   	3952	3364	4267	1136	1809	3825	178	
229   	1919	2042	1078	1002	292	385	210	
230   	23	174	62	127	86	46	4	
231   	909	2612	2777	1218	2572	1551	1644	
232   	162	223	71	223	247	314	435	
233   	40	32	91	39	40	73	77	
234   	32	132	101	110	80	79	75	
235   	46	97	74	46	64	97	46	
236   	476	1494	1766	1271	2361	645	1997	
237   	485	32	279	556	313	378	219	
238   	366	133	333	314	78	247	366	
239   	978	96	671	974	316	818	763	
240   	13	74	40	22	54	50	79	
241   	94	229	347	234	259	86	264	
242   	294	364	383	189	302	364	364	
243   	293	58	102	133	261	102	102	
244   	201	99	521	196	527	99	80	
245   	92	204	947	1472	1312	559	912	
246   	1806	1476	3683	2345	1720	421	365	
247   	443	609	16	391	60	539	781	
248   	267	90	146	178	291	4	300	
249   	20	107	46	46	72	4	46	
250   	401	128	496	219	63	286	13	
251   	188	173	137	426	385	314	214	
252   	152	67	128	146	82	146	205	
253   	494	151	710	162	61	284	466	
254   	258	338	200	499	198	338	198	
255   	106	348	301	301	184	356	367	
256   	53	71	13	93	112	91	22	
257   	337	56	284	130	32	130	295	
258   	190	140	55	310	184	140	295	
259   	406	375	119	134	94	220	310	
260   	58	102	87	80	57	76	12	
261   	2429	751	2469	1525	2166	1326	3253	
262   	1514	1356	1169	97	1715	1524	38	
263   	161	76	120	237	198	32	161	
264   	583	289	110	236	586	590	420	
265   	230	1450	1292	1421	1518	478	480	
266   	3665	519	1802	2391	3020	701	1396	
267   	4	526	847	1122	265	361	143	
268   	317	276	113	89	310	181	105	
269   	84	492	93	299	541	171	461	
270   	1809	188	1627	575	525	106	500	
271   	494	1217	164	1025	1222	396	1415	
272   	606	1479	322	965	851	1429	751	
273   	415	122	855	148	955	1095	855	
274   	121	563	568	372	492	16	327	
275   	2056	2371	1835	1873	976	185	1203	
276   	202	545	65	450	533	526	379	
277   	800	800	1075	802	1360	1271	318	
278   	124	608	632	566	833	910	401	
279   	1805	212	1969	413	319	212	995	
280   	1103	880	357	323	1135	880	520	
281   	1254	2276	1722	1537	520	1145	1513	
282   	355	166	515	117	19	119	159	
283   	1689	71	1196	759	860	1340	71	
284   	291	1814	952	1817	225	2080	584	
285   	577	121	30	514	30	87	264	
286   	1090	2802	1965	2701	578	2371	1965	
287   	690	1384	519	14	1136	53	992	
288   	535	732	132	1503	612	732	374	
