1	32	739
1	272	348
1	261	2429
1	88	57
1	41	603
1	153	943
1	43	563
1	203	77
1	255	217
1	287	690
2	288	739
2	256	3
2	129	675
2	51	1094
2	118	2826
2	263	76
2	72	1329
2	93	365
2	142	596
2	47	537
3	193	486
3	67	228
3	147	535
3	116	1315
3	117	4157
3	6	291
3	231	2777
3	120	737
3	40	943
3	254	200
4	64	215
4	161	1357
4	226	474
4	19	139
4	100	1242
4	118	3607
4	231	1218
4	91	887
4	237	556
4	31	778
1,3	193	2202,486
1,3	116	762,1315
1,3	117	1373,4157
1,3	261	2429,1614
1,3	88	57,752
1,3	57	334,17
1,3	89	128,369
1,3	107	1395,839
1,3	157	1772,1375
1,3	287	690,519
5	65	120
5	146	201
5	148	867
5	277	1360
5	182	328
5	232	545
5	72	167
5	249	72
5	58	1046
5	287	640
1,4	64	1212,215
1,4	256	14,93
1,4	241	117,234
1,4	161	159,1357
1,4	118	1531,3607
1,4	198	326,605
1,4	103	1272,2976
1,4	91	3762,887
1,4	61	869,994
1,4	237	401,556
2,3	288	739,132
2,3	177	258,99
2,3	242	364,383
2,3	115	698,502
2,3	116	1194,1315
2,3	84	5437,497
2,3	117	5182,4157
2,3	22	273,449
2,3	280	880,357
2,3	72	1329,1230
6	288	732
6	226	446
6	51	1261
6	118	1915
6	263	32
6	72	1329
6	153	1230
6	93	423
6	237	378
6	142	765
1,5	32	739,1407
1,5	210	1037,1168
1,5	179	409,182
1,5	232	162,545
1,5	56	1208,1312
1,5	122	7,3060
1,5	44	1770,4132
1,5	222	183,188
1,5	271	494,1214
1,5	239	978,316
2,4	256	3,93
2,4	64	56,215
2,4	241	229,234
2,4	226	7,474
2,4	19	890,139
2,4	100	525,1242
2,4	21	603,18
2,4	118	2826,3607
2,4	91	3301,887
2,4	237	32,556
7	20	1888
7	149	688
7	5	2618
7	229	210
7	278	401
7	75	510
7	108	541
7	44	4151
7	45	1922
7	223	863
1,6	288	1642,732
1,6	256	14,91
1,6	129	435,906
1,6	242	294,364
1,6	115	337,266
1,6	244	195,99
1,6	21	340,457
1,6	72	689,1329
1,6	280	1318,151
1,6	47	665,466
2,5	288	739,612
2,5	50	391,300
2,5	244	99,527
2,5	232	223,545
2,5	280	880,896
2,5	153	378,378
2,5	92	802,778
2,5	93	365,1213
2,5	142	596,602
2,5	47	537,155
1,7	20	3415,1888
1,7	149	1427,688
1,7	5	2501,2618
1,7	278	1191,401
1,7	248	267,300
1,7	104	775,3153
1,7	10	6652,552
1,7	75	501,510
1,7	45	1780,1922
1,7	223	487,863
2,6	288	739,732
2,6	225	81,254
2,6	244	99,99
2,6	100	525,2128
2,6	230	55,46
2,6	263	76,32
2,6	72	1329,1329
2,6	249	68,47
2,6	93	365,423
2,6	237	32,378
3,6	19	310,1177
3,6	227	43,149
3,6	116	1315,538
3,6	100	2259,2128
3,6	118	2418,1915
3,6	103	1865,1391
3,6	23	844,443
3,6	280	357,151
3,6	219	1422,1857
3,6	61	1427,358
2,7	129	675,1293
2,7	20	2402,1888
2,7	149	1770,688
2,7	278	910,401
2,7	247	609,781
2,7	71	650,1383
2,7	75	827,510
2,7	108	357,541
2,7	45	1057,1922
2,7	286	2802,2741
3,7	20	622,1888
3,7	116	1315,511
3,7	5	1024,2618
3,7	261	1614,3253
3,7	149	1747,688
3,7	278	632,401
3,7	75	1030,510
3,7	28	564,173
3,7	45	429,1922
3,7	189	649,60
4,6	256	93,91
4,6	64	215,978
4,6	226	474,446
4,6	21	18,457
4,6	118	3607,1915
4,6	103	2976,1391
4,6	90	797,934
4,6	91	887,1573
4,6	61	994,358
4,6	31	778,1637
1,3,6	129	435,763,906
1,3,6	84	3619,497,3425
1,3,6	52	412,2594,622
1,3,6	134	5037,731,1635
1,3,6	153	943,1121,1230
1,3,6	250	163,496,286
1,3,6	221	632,1430,450
1,3,6	29	1139,615,1100
1,3,6	271	494,404,396
1,3,6	79	1868,1876,1565
4,7	19	139,985
4,7	20	3,1888
4,7	100	1242,1417
4,7	214	187,114
4,7	198	605,739
4,7	262	97,764
4,7	231	1218,1644
4,7	185	1891,1604
4,7	107	2290,588
4,7	75	145,510
5,6	242	302,364
5,6	51	406,1261
5,6	115	261,266
5,6	148	867,908
5,6	132	158,487
5,6	150	286,447
5,6	247	390,539
5,6	232	545,314
5,6	92	778,111
5,6	142	602,765
1,3,7	33	814,1447,957
1,3,7	193	2202,486,2340
1,3,7	114	2320,4470,1406
1,3,7	275	2056,1835,1203
1,3,7	245	92,947,912
1,3,7	85	167,1507,199
1,3,7	117	1373,4157,1001
1,3,7	217	909,3004,468
1,3,7	236	1383,1766,1997
1,3,7	111	420,1242,426
1,4,6	288	1642,1503,732
1,4,6	241	117,234,86
1,4,6	98	471,2280,1191
1,4,6	130	267,558,460
1,4,6	115	337,2058,266
1,4,6	281	1985,1537,1145
1,4,6	233	91,39,40
1,4,6	90	413,797,934
1,4,6	91	3762,887,1573
1,4,6	123	154,623,149
2,3,6	242	364,383,364
2,3,6	148	821,1692,908
2,3,6	150	286,144,447
2,3,6	22	273,449,708
2,3,6	280	880,357,151
2,3,6	76	424,1284,1070
2,3,6	221	450,1430,450
2,3,6	238	133,333,247
2,3,6	190	549,957,744
2,3,6	47	537,43,466
5,7	20	265,1888
5,7	167	110,1282
5,7	248	4,300
5,7	72	167,2089
5,7	10	4752,552
5,7	75	988,510
5,7	44	4132,4151
5,7	45	1904,1922
5,7	63	1453,1069
5,7	239	316,763
1,4,7	64	1212,215,853
1,4,7	161	159,1357,870
1,4,7	36	423,2430,2327
1,4,7	213	772,522,1266
1,4,7	165	1921,1029,2483
1,4,7	246	2256,2345,365
1,4,7	134	5037,4235,1239
1,4,7	118	1531,3607,2409
1,4,7	56	1208,3687,5760
1,4,7	31	2109,778,2008
1,5,6	49	187,84,297
1,5,6	225	191,383,254
1,5,6	50	109,300,391
1,5,6	98	471,792,1191
1,5,6	84	3619,3802,3425
1,5,6	232	162,545,314
1,5,6	153	943,378,1230
1,5,6	251	188,377,360
1,5,6	76	9,116,1070
1,5,6	29	1139,764,1100
2,3,7	129	675,763,1293
2,3,7	115	698,502,760
2,3,7	52	1332,2594,2938
2,3,7	228	3364,4267,178
2,3,7	229	2042,1078,210
2,3,7	266	519,1802,1396
2,3,7	206	699,512,379
2,3,7	31	693,1957,2008
2,3,7	111	1647,1242,426
2,3,7	63	959,286,1069
2,4,6	256	3,93,91
2,4,6	226	7,474,446
2,4,6	242	364,199,364
2,4,6	115	698,2058,266
2,4,6	244	99,196,99
2,4,6	21	603,18,457
2,4,6	198	718,605,333
2,4,6	219	664,350,1857
2,4,6	91	3301,887,1573
2,4,6	237	32,556,378
1,5,7	272	348,851,751
1,5,7	18	499,167,1200
1,5,7	162	698,1257,1008
1,5,7	83	1516,582,198
1,5,7	135	616,1744,1155
1,5,7	88	57,2570,380
1,5,7	265	230,19,1600
1,5,7	27	1793,182,1917
1,5,7	75	501,988,510
1,5,7	223	487,616,863
2,4,7	129	675,68,1293
2,4,7	130	66,558,245
2,4,7	115	698,2058,760
2,4,7	214	732,187,114
2,4,7	118	2826,3607,2409
2,4,7	198	718,605,739
2,4,7	281	2276,1537,2544
2,4,7	237	32,556,219
2,4,7	61	452,994,215
2,4,7	31	693,778,2008
2,5,6	288	739,612,732
2,5,6	225	81,383,254
2,5,6	50	391,300,391
2,5,6	51	1094,406,1261
2,5,6	23	732,386,443
2,5,6	249	68,72,47
2,5,6	283	71,1660,1340
2,5,6	76	424,116,1070
2,5,6	93	365,1213,423
2,5,6	47	537,155,466
2,5,7	52	1332,1699,2938
2,5,7	84	5437,3802,4429
2,5,7	148	821,867,115
2,5,7	228	3364,1608,178
2,5,7	72	1329,167,2089
2,5,7	251	173,377,147
2,5,7	283	71,1660,71
2,5,7	29	1688,764,1673
2,5,7	125	1534,985,734
2,5,7	206	699,1295,379
