FILM         	HA	LA	CO	BA	FR	GM	BM
Pulp Fiction 	0,0326	0,0396	0,0473	0,0285	0,0480	0,0667	0,0402	
Lawrence of Arabia	0,0280	0,0189	0,0306	0,0198	0,0386	0,0372	0,0363	
Modern Times 	0,0180	0,0298	0,0428	0,0240	0,0380	0,0588	0,0200	
Goodfellas   	0,0282	0,0308	0,0386	0,0258	0,0428	0,0421	0,0379	
Apocalypse Now	0,0270	0,0277	0,0441	0,0233	0,0377	0,0359	0,1334	
Casablanca   	0,0293	0,0305	0,1014	0,0288	0,0486	0,0443	0,0369	
The Shawshank Redemption	0,0361	0,0264	0,0534	0,0264	0,0574	0,0374	0,0297	
Rashomon     	0,0330	0,0247	0,0286	0,0166	0,0372	0,0344	0,0291	
The Third Man	0,0227	0,0331	0,0361	0,0184	0,0533	0,0326	0,0321	
The Dark Knight	0,0348	0,0321	0,0452	0,0317	0,0478	0,0495	0,0733	
Chinatown    	0,0548	0,0196	0,0294	0,0190	0,0373	0,0337	0,0293	
Double Indemnity	0,0346	0,0272	0,0301	0,0173	0,0312	0,0384	0,0258	
Ikiru        	0,0253	0,0366	0,0345	0,0189	0,0326	0,0290	0,0292	
Raging Bull  	0,0197	0,0222	0,0335	0,0172	0,0318	0,0263	0,0586	
North by Northwest	0,0504	0,0350	0,0480	0,0341	0,0371	0,0621	0,0319	
Tokyo Story  	0,0312	0,0301	0,0327	0,0229	0,0392	0,0294	0,0281	
All About Eve	0,0190	0,0208	0,0379	0,0226	0,0683	0,0411	0,0249	
The Silence of the Lambs	0,0386	0,0309	0,0369	0,0213	0,0365	0,0366	0,0586	
Toy Story    	0,0213	0,0367	0,0699	0,1580	0,0401	0,0932	0,0239	
Saving Private Ryan	0,0326	0,0256	0,0493	0,0289	0,0482	0,0315	0,2655	
Back to the Future	0,0232	0,0546	0,0469	0,1032	0,0575	0,1260	0,0207	
Annie Hall   	0,0230	0,0656	0,0605	0,0310	0,0556	0,0810	0,0281	
It Happened One Night	0,0200	0,0553	0,0600	0,0384	0,0452	0,0981	0,0274	
Aliens       	0,0267	0,0286	0,0407	0,0452	0,0373	0,0567	0,0380	
Amadeus      	0,0238	0,0276	0,0548	0,0305	0,0384	0,0470	0,0281	
La Dolce Vita	0,0202	0,0230	0,0334	0,0234	0,0364	0,0349	0,0262	
The Shining  	0,0310	0,0326	0,0406	0,0289	0,0441	0,0490	0,0615	
The Best Years of Our Lives	0,0282	0,0215	0,0608	0,0263	0,0409	0,0368	0,0622	
Fargo        	0,0415	0,0612	0,0377	0,0256	0,0454	0,0894	0,0409	
Reservoir Dogs	0,0317	0,0410	0,0443	0,0233	0,0453	0,0494	0,0437	
My Neighbor Totoro	0,0284	0,0423	0,0728	0,1480	0,0501	0,0716	0,0288	
Memento      	0,0707	0,0440	0,0375	0,0232	0,0566	0,0511	0,0372	
The Pianist  	0,0330	0,0236	0,0588	0,0350	0,0386	0,0278	0,0539	
Cool Hand Luke	0,0252	0,0249	0,0458	0,0310	0,0403	0,0410	0,0275	
Jaws         	0,0245	0,0365	0,0463	0,0303	0,0437	0,0577	0,0501	
To Kill a Mockingbird	0,0252	0,0287	0,0498	0,0510	0,0417	0,0364	0,0504	
Once Upon a Time in America	0,0372	0,0340	0,0469	0,0263	0,0473	0,0295	0,0275	
Barry Lyndon 	0,0352	0,0304	0,0296	0,0195	0,0375	0,0376	0,0286	
The Grapes of Wrath	0,0186	0,0215	0,0466	0,0328	0,0300	0,0304	0,0331	
Before Sunset	0,0243	0,0287	0,1030	0,0261	0,0442	0,0442	0,0310	
The Usual Suspects	0,0659	0,0414	0,0354	0,0251	0,0486	0,0520	0,0316	
Strangers on a Train	0,0301	0,0284	0,0305	0,0178	0,0277	0,0359	0,0315	
The Departed 	0,0689	0,0379	0,0416	0,0262	0,0391	0,0466	0,0383	
Fight Club   	0,0474	0,0371	0,0446	0,0274	0,0546	0,0589	0,0960	
Full Metal Jacket	0,0218	0,0308	0,0452	0,0287	0,0513	0,0441	0,1988	
Dog Day Afternoon	0,0233	0,0251	0,0284	0,0194	0,0407	0,0448	0,0349	
This Is Spinal Tap	0,0200	0,0963	0,0273	0,0300	0,0547	0,1299	0,0327	
Die Hard     	0,0244	0,0418	0,0279	0,0368	0,0406	0,0644	0,0358	
Duck Soup    	0,0339	0,0422	0,0271	0,0261	0,0429	0,0922	0,0366	
Trainspotting	0,0333	0,0688	0,0248	0,0246	0,0631	0,0890	0,0398	
Young Frankenstein	0,0212	0,0766	0,0466	0,0447	0,0574	0,1376	0,0253	
Forrest Gump 	0,0224	0,0422	0,0797	0,0503	0,0696	0,0681	0,0342	
The Graduate 	0,0205	0,0497	0,0494	0,0265	0,0367	0,0631	0,0234	
Incendies    	0,0386	0,0178	0,0289	0,0181	0,0273	0,0234	0,0402	
The Terminator	0,0293	0,0322	0,0417	0,0534	0,0392	0,0536	0,0403	
The Matrix   	0,0427	0,0285	0,0409	0,0556	0,0547	0,0532	0,0505	
Talk to Her  	0,0374	0,0369	0,0789	0,0205	0,0409	0,0280	0,0277	
Good Will Hunting	0,0241	0,0267	0,0526	0,0273	0,0920	0,0452	0,0288	
Frankenstein 	0,0175	0,0351	0,0302	0,0328	0,0484	0,0475	0,0359	
Infernal Affairs	0,0448	0,0366	0,0260	0,0182	0,0254	0,0247	0,0314	
Toy Story 2  	0,0235	0,0374	0,0722	0,1203	0,0469	0,1014	0,0258	
Jurassic Park	0,0243	0,0256	0,0464	0,0502	0,0451	0,0764	0,0370	
American History X	0,0321	0,0348	0,0605	0,0306	0,0547	0,0276	0,0534	
The Iron Giant	0,0287	0,0339	0,0717	0,2216	0,0523	0,0730	0,0297	
Stand by Me  	0,0196	0,0329	0,0584	0,0676	0,0724	0,0652	0,0294	
Rope         	0,0337	0,0398	0,0267	0,0201	0,0492	0,0505	0,0305	
Brief Encounter	0,0171	0,0247	0,1031	0,0203	0,0401	0,0270	0,0247	
In the Heat of the Night	0,0292	0,0208	0,0329	0,0177	0,0273	0,0408	0,0248	
Midnight Cowboy	0,0190	0,0252	0,0430	0,0213	0,0425	0,0322	0,0301	
Sling Blade  	0,0279	0,0437	0,0511	0,0283	0,0488	0,0345	0,0301	
The Exorcist 	0,0289	0,0369	0,0429	0,0254	0,0379	0,0381	0,0701	
Shaun of the Dead	0,0250	0,1069	0,0549	0,0378	0,0820	0,1790	0,0500	
Scarface     	0,0107	0,0154	0,0221	0,0137	0,0536	0,0284	0,0125	
The Return   	0,0380	0,0312	0,0486	0,0321	0,0306	0,0291	0,0311	
Platoon      	0,0237	0,0188	0,0360	0,0184	0,0598	0,0268	0,2635	
Being John Malkovich	0,0343	0,0637	0,0412	0,0288	0,0519	0,0913	0,0322	
Underground  	0,0141	0,0252	0,0388	0,0278	0,0416	0,0397	0,0286	
The African Queen	0,0220	0,0270	0,0696	0,0344	0,0359	0,0586	0,0265	
Almost Famous	0,0235	0,0339	0,0771	0,0343	0,0536	0,0727	0,0320	
Magnolia     	0,0387	0,0345	0,0482	0,0219	0,0494	0,0415	0,0327	
Gandhi       	0,0243	0,0211	0,0505	0,0236	0,0365	0,0259	0,0362	
Goldfinger   	0,0193	0,0286	0,0338	0,0223	0,0428	0,0472	0,0329	
Batman Begins	0,0312	0,0315	0,0422	0,0318	0,0491	0,0546	0,0550	
Lost in Translation	0,0313	0,0535	0,0766	0,0293	0,0631	0,0784	0,0360	
Hotel Rwanda 	0,0270	0,0247	0,0707	0,0278	0,0451	0,0272	0,0463	
A Night at the Opera	0,0180	0,0428	0,0367	0,0217	0,0343	0,0797	0,0221	
Spartacus    	0,0194	0,0227	0,0506	0,0261	0,0365	0,0330	0,0336	
The Prestige 	0,0954	0,0389	0,0419	0,0294	0,0425	0,0444	0,0346	
The Shop Around the Corner	0,0232	0,0330	0,0916	0,0486	0,0459	0,0603	0,0219	
Who Framed Roger Rabbit	0,0332	0,0411	0,0471	0,0830	0,0428	0,0910	0,0266	
The Incredibles	0,0355	0,0517	0,0495	0,2033	0,0575	0,1064	0,0338	
Dazed and Confused	0,0171	0,0523	0,0509	0,0283	0,0706	0,0941	0,0227	
Blazing Saddles	0,0189	0,0884	0,0431	0,0455	0,0609	0,1622	0,0272	
Day for Night	0,0192	0,0217	0,0224	0,0141	0,0262	0,0290	0,0229	
The Green Mile	0,0314	0,0262	0,0580	0,0266	0,0411	0,0385	0,0339	
Dial M for Murder	0,0429	0,0223	0,0279	0,0204	0,0267	0,0414	0,0243	
Dirty Harry  	0,0201	0,0245	0,0228	0,0228	0,0364	0,0360	0,0313	
Iron Man     	0,0283	0,0441	0,0410	0,0550	0,0511	0,0989	0,0334	
Casino       	0,0278	0,0306	0,0397	0,0242	0,0413	0,0334	0,0302	
A Christmas Story	0,0188	0,0548	0,0650	0,1618	0,0527	0,1156	0,0245	
Serpico      	0,0191	0,0250	0,0320	0,0188	0,0494	0,0321	0,0281	
Barton Fink  	0,0393	0,0359	0,0312	0,0191	0,0350	0,0500	0,0302	
Mary Poppins 	0,0240	0,0295	0,0697	0,1185	0,0431	0,0971	0,0222	
The Sixth Sense	0,0570	0,0304	0,0446	0,0334	0,0392	0,0461	0,0521	
My Fair Lady 	0,0165	0,0257	0,0598	0,0439	0,0356	0,0612	0,0207	
Ed Wood      	0,0208	0,0385	0,0502	0,0293	0,0384	0,0589	0,0283	
The Sound of Music	0,0207	0,0234	0,0872	0,0922	0,0409	0,0580	0,0247	
Enter the Dragon	0,0194	0,0246	0,0258	0,0204	0,0344	0,0513	0,1232	
Rain Man     	0,0230	0,0364	0,0582	0,0403	0,0373	0,0512	0,0234	
The Birds    	0,0248	0,0342	0,0419	0,0297	0,0393	0,0603	0,0424	
Edward Scissorhands	0,0207	0,0348	0,0861	0,0635	0,0421	0,0539	0,0306	
Peeping Tom  	0,0204	0,0296	0,0243	0,0199	0,0260	0,0252	0,0400	
Eraserhead   	0,0230	0,0337	0,0284	0,0230	0,0443	0,0400	0,0353	
Gladiator    	0,0340	0,0305	0,0486	0,0295	0,0458	0,0404	0,0572	
Little Miss Sunshine	0,0302	0,0720	0,0613	0,0726	0,0581	0,1169	0,0314	
True Romance 	0,0228	0,0308	0,2680	0,0241	0,0476	0,0608	0,0333	
Brokeback Mountain	0,0333	0,0359	0,1661	0,0268	0,0633	0,0351	0,0392	
Shrek        	0,0301	0,0789	0,0608	0,1991	0,0612	0,1488	0,0310	
The Piano    	0,0209	0,0183	0,0736	0,0209	0,0339	0,0313	0,0310	
Doctor Zhivago	0,0207	0,0233	0,1125	0,0245	0,0323	0,0324	0,0276	
Malcolm X    	0,0302	0,0277	0,0401	0,0215	0,0479	0,0281	0,0296	
Donnie Darko 	0,0502	0,0358	0,0451	0,0371	0,0526	0,0575	0,0393	
Paper Moon   	0,0240	0,0448	0,0474	0,0602	0,0378	0,0919	0,0201	
Nine Queens  	0,0582	0,0226	0,0224	0,0173	0,0212	0,0457	0,0206	
Run Lola Run 	0,0405	0,0598	0,0463	0,0267	0,0468	0,0669	0,0295	
Quiz Show    	0,0210	0,0178	0,0241	0,0168	0,0279	0,0258	0,0232	
West Side Story	0,0193	0,0188	0,0865	0,0339	0,0500	0,0406	0,0302	
American Graffiti	0,0182	0,0333	0,0410	0,0382	0,0497	0,0925	0,0263	
Kung Fu Hustle	0,0282	0,0761	0,0471	0,0436	0,0439	0,1250	0,0769	
Porco Rosso  	0,0307	0,0428	0,0444	0,0693	0,0304	0,0716	0,0338	
Midnight Express	0,0245	0,0169	0,0392	0,0156	0,0443	0,0214	0,0305	
Midnight Run 	0,0249	0,0417	0,0287	0,0276	0,0457	0,1119	0,0221	
The Umbrellas of Cherbourg	0,0156	0,0337	0,0765	0,0225	0,0303	0,0228	0,0249	
Serenity     	0,0381	0,0446	0,0594	0,0553	0,0540	0,0757	0,0384	
Mystic River 	0,0422	0,0258	0,0451	0,0243	0,0457	0,0339	0,0396	
After Hours  	0,0357	0,0429	0,0309	0,0172	0,0303	0,0909	0,0246	
Apollo 13    	0,0305	0,0236	0,0387	0,0399	0,0301	0,0410	0,0362	
Dances with Wolves	0,0276	0,0248	0,0776	0,0315	0,0363	0,0357	0,0306	
From Here to Eternity	0,0139	0,0177	0,0434	0,0215	0,0544	0,0274	0,0318	
American Splendor	0,0252	0,0428	0,0359	0,0218	0,0608	0,0483	0,0257	
Easy Rider   	0,0197	0,0319	0,0357	0,0267	0,0485	0,0479	0,0306	
Animal House 	0,0160	0,0890	0,0299	0,0318	0,0643	0,1468	0,0222	
East of Eden 	0,0235	0,0212	0,0375	0,0164	0,0250	0,0301	0,0291	
Dead Man Walking	0,0214	0,0234	0,0512	0,0198	0,0377	0,0260	0,0247	
Kagemusha    	0,0195	0,0174	0,0353	0,0141	0,0273	0,0251	0,0317	
The Motorcycle Diaries	0,0229	0,0426	0,0454	0,0353	0,0716	0,0479	0,0273	
Leaving Las Vegas	0,0196	0,0317	0,0960	0,0284	0,0400	0,0387	0,0337	
Sideways     	0,0257	0,0585	0,0510	0,0279	0,0899	0,0961	0,0319	
The Thin Red Line	0,0312	0,0234	0,0398	0,0216	0,0401	0,0321	0,1723	
Tootsie      	0,0206	0,0605	0,0500	0,0328	0,0542	0,0969	0,0209	
From Russia with Love	0,0201	0,0298	0,0326	0,0226	0,0389	0,0393	0,0492	
Capote       	0,0315	0,0251	0,0496	0,0225	0,0612	0,0313	0,0339	
Kiss Kiss Bang Bang	0,0598	0,0715	0,0391	0,0299	0,0502	0,1348	0,0272	
The Color Purple	0,0196	0,0200	0,0682	0,0274	0,0408	0,0359	0,0250	
Misery       	0,0279	0,0301	0,0492	0,0170	0,0437	0,0439	0,0354	
Bullitt      	0,0288	0,0218	0,0311	0,0240	0,0457	0,0407	0,0297	
Walk the Line	0,0295	0,0270	0,0918	0,0328	0,0508	0,0368	0,0321	
Empire of the Sun	0,0224	0,0190	0,0510	0,0398	0,0355	0,0303	0,0456	
V for Vendetta	0,0374	0,0368	0,0541	0,0306	0,0416	0,0455	0,0382	
In America   	0,0320	0,0229	0,0459	0,0426	0,0415	0,0318	0,0369	
Forbidden Planet	0,0391	0,0339	0,0427	0,1407	0,0361	0,0589	0,0275	
The Hours    	0,0356	0,0263	0,0395	0,0200	0,0601	0,0303	0,0324	
Donnie Brasco	0,0341	0,0168	0,0386	0,0188	0,0342	0,0288	0,0285	
The City of Lost Children	0,0418	0,0270	0,0384	0,0369	0,0357	0,0351	0,0284	
Minority Report	0,0592	0,0303	0,0317	0,0451	0,0365	0,0458	0,0388	
Big Fish     	0,0228	0,0347	0,0728	0,0581	0,0461	0,0675	0,0277	
Spider-Man 2 	0,0257	0,0311	0,0593	0,0365	0,0630	0,0489	0,0458	
The Squid and the Whale	0,0268	0,0378	0,0307	0,0338	0,0429	0,0524	0,0344	
Five Easy Pieces	0,0426	0,0251	0,0348	0,0207	0,0430	0,0380	0,0261	
Forbidden Games	0,0143	0,0265	0,0434	0,0196	0,0379	0,0207	0,0478	
Cinderella Man	0,0250	0,0231	0,0640	0,0520	0,0497	0,0350	0,0462	
To Catch a Thief	0,0333	0,0424	0,0477	0,0309	0,0400	0,0748	0,0242	
Bad Education	0,0473	0,0219	0,0404	0,0214	0,0474	0,0407	0,0265	
Half Nelson  	0,0222	0,0229	0,0307	0,0240	0,0435	0,0279	0,0372	
Pierrot le Fou	0,0177	0,0198	0,0321	0,0200	0,0328	0,0481	0,0245	
A Man for All Seasons	0,0233	0,0224	0,0394	0,0259	0,0308	0,0254	0,0266	
Marty        	0,0175	0,0376	0,0852	0,0339	0,0600	0,0408	0,0236	
Walkabout    	0,0262	0,0223	0,0273	0,0291	0,0346	0,0300	0,0252	
Brick        	0,0512	0,0333	0,0344	0,0276	0,0479	0,0583	0,0319	
Billy Elliot 	0,0236	0,0291	0,0596	0,0620	0,0597	0,0493	0,0318	
Jackie Brown 	0,0377	0,0416	0,0495	0,0250	0,0362	0,0581	0,0330	
25th Hour    	0,0268	0,0327	0,0444	0,0191	0,0791	0,0263	0,0330	
Road to Perdition	0,0333	0,0393	0,0425	0,0308	0,0395	0,0306	0,0351	
High Plains Drifter	0,0296	0,0205	0,0219	0,0154	0,0284	0,0383	0,0354	
Fiddler on the Roof	0,0211	0,0334	0,0732	0,0923	0,0443	0,0610	0,0229	
Ray          	0,0275	0,0218	0,0451	0,0228	0,0403	0,0324	0,0328	
The Day of the Jackal	0,0360	0,0265	0,0222	0,0183	0,0282	0,0309	0,0294	
Cast Away    	0,0245	0,0359	0,0558	0,0318	0,0635	0,0502	0,0313	
The Crow     	0,0269	0,0286	0,0799	0,0228	0,0402	0,0373	0,0497	
As Good as It Gets	0,0185	0,0421	0,0579	0,0277	0,0588	0,0854	0,0254	
The Tenant   	0,0381	0,0203	0,0208	0,0152	0,0569	0,0352	0,0279	
Pi           	0,0290	0,0277	0,0307	0,0307	0,0404	0,0372	0,0336	
Titanic      	0,0340	0,0279	0,1385	0,0353	0,0490	0,0442	0,0340	
The Aviator  	0,0286	0,0293	0,0429	0,0269	0,0383	0,0323	0,0291	
Collateral   	0,0412	0,0377	0,0296	0,0186	0,0403	0,0543	0,0391	
Chicago      	0,0220	0,0361	0,0380	0,0282	0,0499	0,0735	0,0305	
Hoosiers     	0,0186	0,0173	0,0526	0,0480	0,0364	0,0423	0,0290	
Mulan        	0,0242	0,0390	0,0666	0,1118	0,0502	0,0733	0,0382	
Sin City     	0,0337	0,0328	0,0437	0,0272	0,0439	0,0520	0,0468	
Tombstone    	0,0245	0,0229	0,0455	0,0229	0,0469	0,0529	0,0271	
Videodrome   	0,0201	0,0209	0,0196	0,0240	0,0326	0,0252	0,0356	
Mildred Pierce	0,0401	0,0197	0,0299	0,0176	0,0463	0,0292	0,0223	
Inside Man   	0,0640	0,0285	0,0302	0,0218	0,0337	0,0521	0,0285	
Bloody Sunday	0,0239	0,0187	0,0609	0,0133	0,0319	0,0168	0,0331	
Predator     	0,0303	0,0323	0,0320	0,0413	0,0406	0,0568	0,0397	
Garden State 	0,0269	0,0460	0,0666	0,0327	0,0670	0,0663	0,0313	
In the Bedroom	0,0358	0,0176	0,0456	0,0204	0,0459	0,0240	0,0370	
21 Grams     	0,0372	0,0363	0,0410	0,0231	0,0416	0,0278	0,0366	
Drugstore Cowboy	0,0138	0,0187	0,0189	0,0185	0,0428	0,0417	0,0215	
Far from Heaven	0,0346	0,0306	0,0401	0,0240	0,0702	0,0316	0,0300	
Angels with Dirty Faces	0,0170	0,0146	0,0259	0,0380	0,0655	0,0293	0,0202	
Elizabeth    	0,0313	0,0267	0,0514	0,0194	0,0381	0,0330	0,0344	
Dark City    	0,0437	0,0219	0,0338	0,0626	0,0411	0,0348	0,0408	
Dumbo        	0,0155	0,0290	0,0677	0,1099	0,0422	0,0506	0,0262	
Gilda        	0,0205	0,0186	0,0450	0,0190	0,0304	0,0447	0,0266	
Batman       	0,0213	0,0260	0,0372	0,0285	0,0474	0,0555	0,0437	
King Kong    	0,0357	0,0333	0,0689	0,0336	0,0466	0,0528	0,0427	
Metropolis   	0,0265	0,0276	0,0403	0,0532	0,0436	0,0305	0,0269	
Independence Day	0,0228	0,0379	0,0450	0,0589	0,0395	0,1116	0,0300	
Wall Street  	0,0217	0,0301	0,0292	0,0201	0,0502	0,0456	0,0306	
Armageddon   	0,0244	0,0471	0,0587	0,0366	0,0405	0,0960	0,0303	
The Manchurian Candidate	0,0544	0,0262	0,0273	0,0194	0,0444	0,0304	0,0395	
The Ring     	0,0368	0,0390	0,0341	0,0290	0,0453	0,0525	0,0982	
Dead Birds   	0,0168	0,0260	0,0278	0,0207	0,0253	0,0322	0,0535	
The Producers	0,0179	0,0670	0,0330	0,0297	0,0521	0,1141	0,0248	
Sky High     	0,0176	0,0510	0,0404	0,1504	0,0573	0,1373	0,0229	
Heaven Can Wait	0,0169	0,0358	0,0608	0,0339	0,0389	0,0998	0,0172	
Spider-Man   	0,0277	0,0423	0,0592	0,0423	0,0614	0,0690	0,0383	
The Patriot  	0,0280	0,0368	0,0485	0,0381	0,0366	0,0514	0,0869	
Private Benjamin	0,0106	0,0580	0,0327	0,0293	0,0354	0,1106	0,0338	
The Little Mermaid	0,0166	0,0303	0,1022	0,1403	0,0448	0,0642	0,0231	
Gentlemen Prefer Blondes	0,0186	0,0374	0,0390	0,0293	0,2256	0,0848	0,0207	
Escape to Witch Mountain	0,0090	0,0149	0,0457	0,0960	0,0194	0,0708	0,0117	
The Mummy    	0,0119	0,0382	0,0305	0,0198	0,0455	0,0673	0,0203	
Tomcats      	0,0084	0,0472	0,0524	0,0432	0,0471	0,0667	0,0220	
Underworld   	0,0446	0,0297	0,0561	0,0261	0,0393	0,0644	0,0425	
Cheaper by the Dozen	0,0148	0,0755	0,0470	0,1768	0,0480	0,1428	0,0264	
Impromptu    	0,0188	0,0399	0,0664	0,0228	0,0375	0,0809	0,0200	
Thirteen     	0,0301	0,0257	0,0547	0,0370	0,0683	0,0346	0,0519	
Hardcore     	0,0271	0,0248	0,0347	0,0289	0,0218	0,0487	0,0200	
Home on the Range	0,0129	0,0376	0,0543	0,1338	0,0291	0,0769	0,0169	
Big Daddy    	0,0287	0,0668	0,0614	0,0602	0,0524	0,1304	0,0214	
Sylvia       	0,0190	0,0208	0,0264	0,0170	0,0567	0,0217	0,0242	
Rush Hour    	0,0186	0,0754	0,0362	0,0554	0,0527	0,1290	0,0326	
Man on Fire  	0,0345	0,0262	0,0616	0,0241	0,0519	0,0380	0,0492	
War of the Worlds	0,0330	0,0280	0,0351	0,0498	0,0444	0,0497	0,0533	
Cabin Fever  	0,0291	0,0513	0,0257	0,0308	0,0463	0,1045	0,0601	
The One      	0,0330	0,0196	0,0285	0,0279	0,0426	0,0424	0,0801	
Dirty Work   	0,0107	0,0517	0,0249	0,0420	0,0794	0,1121	0,0178	
Jersey Girl  	0,0210	0,0442	0,0681	0,0605	0,0431	0,0841	0,0217	
Walking Tall 	0,0254	0,0360	0,0332	0,0240	0,0665	0,0728	0,0386	
Moulin Rouge 	0,0138	0,0130	0,0381	0,0158	0,0328	0,0168	0,0183	
Fantasia 2000	0,0196	0,0356	0,0363	0,0595	0,0372	0,0448	0,0350	
Tuck Everlasting	0,0207	0,0256	0,0955	0,0714	0,0400	0,0426	0,0229	
Oliver Twist 	0,0731	0,0150	0,0310	0,0183	0,0283	0,0345	0,0308	
The Shaggy Dog	0,0107	0,0788	0,0206	0,1316	0,0365	0,1344	0,0197	
Wolf         	0,0295	0,0377	0,0526	0,0191	0,0213	0,0428	0,0252	
Alone in the Dark	0,0151	0,0445	0,0275	0,0178	0,0304	0,0840	0,0437	
Behind Enemy Lines	0,0276	0,0270	0,0313	0,0236	0,0315	0,0571	0,0670	
The Apartment	0,0223	0,0230	0,0547	0,0120	0,0426	0,0317	0,0177	
The Village  	0,0613	0,0324	0,0804	0,0299	0,0418	0,0466	0,0526	
Peter Pan    	0,0237	0,0212	0,0694	0,0890	0,0369	0,0605	0,0303	
The In-Laws  	0,0149	0,0771	0,0389	0,0420	0,0405	0,1620	0,0170	
The Libertine	0,0269	0,0259	0,0378	0,0228	0,0372	0,0296	0,0299	
Babel        	0,0463	0,0343	0,0495	0,0253	0,0483	0,0395	0,0335	
300          	0,0284	0,0366	0,0437	0,0301	0,0423	0,0578	0,0623	
Blood Diamond	0,0361	0,0267	0,0509	0,0266	0,0401	0,0324	0,0493	
Alpha Dog    	0,0296	0,0163	0,0275	0,0207	0,0367	0,0322	0,0303	
We Are Marshall	0,0210	0,0170	0,0574	0,0414	0,0324	0,0309	0,0336	
Apocalypto   	0,0389	0,0415	0,0445	0,0301	0,0382	0,0432	0,0473	
Stranger than Fiction	0,0384	0,0449	0,0551	0,0296	0,0618	0,0882	0,0320	
Saw          	0,0647	0,0327	0,0324	0,0212	0,0423	0,0430	0,0534	
Match Point  	0,0387	0,0221	0,0474	0,0237	0,0385	0,0359	0,0269	
The Machinist	0,0406	0,0274	0,0287	0,0177	0,0374	0,0319	0,0410	
The Last Samurai	0,0320	0,0280	0,0563	0,0259	0,0404	0,0415	0,0536	
Once Upon a Time in Mexico	0,0301	0,0260	0,0296	0,0206	0,0332	0,0818	0,0296	
8 Mile       	0,0250	0,0332	0,0472	0,0249	0,0739	0,0548	0,0363	
Enemy at the Gates	0,0319	0,0202	0,0641	0,0207	0,0375	0,0295	0,1535	
Kingdom of Heaven	0,0294	0,0327	0,0458	0,0259	0,0378	0,0397	0,0411	
Hitch        	0,0203	0,0741	0,0835	0,0382	0,0640	0,1286	0,0255	
Harry Potter and the Chamber of Secrets	0,0310	0,0347	0,0437	0,0693	0,0550	0,0862	0,0336	
The Pledge   	0,0294	0,0241	0,0351	0,0169	0,0330	0,0267	0,0305	
American Psycho	0,0267	0,0552	0,0358	0,0258	0,0455	0,0869	0,0435	
Unbreakable  	0,0408	0,0307	0,0406	0,0308	0,0453	0,0422	0,0399	
Any Given Sunday	0,0289	0,0369	0,0369	0,0203	0,0385	0,0496	0,0298	
Sleepy Hollow	0,0267	0,0421	0,0476	0,0356	0,0398	0,0703	0,0628	
Vanilla Sky  	0,0658	0,0274	0,0685	0,0303	0,0761	0,0457	0,0329	
Miss Congeniality	0,0191	0,1057	0,0536	0,0602	0,0641	0,2175	0,0258	
