FILM	1	4	261	5	6	262	263	7	265	10	266	267	11	15	271	272	18	275	19	20	21	278	279	23	280	24	281	27	283	284	29	286	30	31	287	288	32	35	36	40	43	44	45	47	48	50	51	52	55	56	61	62	63	64	65	71	72	76	78	79	80	82	83	84	88	90	91	92	93	95	98	100	103	104	105	106	107	108	110	111	114	115	116	117	118	120	122	123	125	127	128	129	132	134	138	142	148	149	150	151	153	154	156	157	158	159	161	165	166	167	171	172	185	188	189	190	193	195	196	198	199	200	205	206	212	213	214	216	217	219	221	223	225	226	228	229	231	232	236	237	242	244	246	247	
[1]	0	0	0	0	[2642, 3784, 915]			0	0	0	0	0	0	0	0	0	0	0	0	0	0	0	0	0	0	0	0	0	0	0	0	0	0	0	0	0	0	0	0	0	0	0	0	[1351, 1006, 460]			0	0	0	0	0	0	0	[1189, 5504, 1384]			0	0	0	0	0	0	0	0	0	0	0	0	0	0	0	0	0	0	0	0	0	[2481, 2644, 2880]			[283, 494, 646]			0	0	0	[365, 1602, 3210]			0	0	0	0	0	0	0	0	0	[24, 2814, 1422]			0	0	0	0	0	0	[1377, 1700]			0	0	0	0	0	0	0	0	0	0	0	0	[1688, 1817, 488]			0	0	0	0	0	0	0	0	0	0	0	0	0	0	0	0	0	0	0	0	0	0	0	0	0	0	0	0	0	[805, 116, 773]			0	0	0	0	0	0	0	
[2]	0	0	0	0	0	0	0	0	0	0	0	0	0	0	0	0	0	0	0	0	0	0	0	0	0	0	0	0	0	0	0	0	0	0	0	[57, 316, 1458]			0	0	0	0	0	0	0	0	0	0	[451, 1410, 965]			0	0	0	0	0	0	0	0	0	[126, 573, 760]			0	0	0	0	0	0	0	0	0	0	0	[101, 352, 597]			0	0	0	0	0	0	0	0	[937, 539, 784]			0	0	0	0	0	0	[199, 898, 3109]			0	0	0	0	0	0	[321, 1222, 973]			0	0	0	0	0	0	0	0	0	0	0	0	0	0	[77, 1034, 1885]			0	0	0	0	0	0	0	0	0	0	0	0	0	0	0	0	0	0	0	0	0	0	0	0	0	0	0	0	0	0	0	0	[72, 417, 435]			0	[102, 451, 251]			0	0	
[3]	0	0	[782, 290, 1200]			0	[681, 2298, 593]			0	0	0	0	0	0	0	0	0	0	0	0	0	0	0	0	0	0	0	0	0	0	0	0	0	0	0	0	0	0	0	0	0	0	0	0	0	0	0	0	0	0	0	0	0	0	0	0	0	0	0	0	0	0	0	0	0	0	[1433, 12, 342]			0	0	0	0	0	0	0	0	0	0	0	0	[1039, 3385, 2747]			0	0	0	0	0	0	[60, 111, 1142]			0	[452, 445, 300]			0	0	0	0	0	0	0	0	[1501, 69, 34]			0	0	0	0	0	0	0	0	0	0	0	0	0	0	0	0	0	0	0	[239, 255, 1010]			0	[114, 207, 376]			0	0	0	0	0	0	0	0	0	0	0	0	0	0	0	0	0	0	0	[1826, 2038, 1937]			0	0	0	0	0	0	0	
[4]	0	0	0	0	0	0	0	0	0	0	0	0	0	0	0	0	0	0	0	0	0	0	0	0	0	0	0	0	0	0	0	0	0	[188, 2169, 2405]			0	0	0	0	0	0	0	0	0	0	0	0	0	0	0	[1397, 5300, 3263]			0	0	0	[320, 507, 615]			0	0	0	0	0	0	0	0	0	0	0	0	[763, 3622, 2087]			0	0	0	0	[409, 2466, 364]			[513, 3195, 115]			0	0	0	[108, 1477, 728]			0	0	[36, 1064, 1258]			0	0	0	0	[777, 2022, 46]			0	0	0	0	0	0	0	0	0	0	0	0	0	0	0	0	0	0	0	0	0	0	0	0	0	0	0	0	0	0	0	0	0	0	0	0	0	0	0	0	0	0	0	0	0	0	0	0	0	0	0	[436, 2891, 1593]			0	0	0	0	0	0	0	
[1, 3]	0	0	0	0	0	0	0	0	0	0	0	0	0	0	0	0	0	[207, 235, 2956]			0	0	0	0	0	0	0	0	0	0	0	0	0	0	0	[677, 364, 330]			0	0	0	0	0	0	0	0	0	0	0	0	0	[2645, 1738, 643]			0	0	0	0	0	0	0	0	0	0	0	0	0	0	0	0	0	0	0	0	0	0	0	0	0	0	0	0	0	0	0	0	[520, 2032, 2649]			0	0	[638, 1573, 60]			0	0	0	0	0	0	0	0	0	0	0	0	0	0	0	0	0	0	0	0	0	[967, 3397, 380]			0	0	0	0	0	[295, 438, 718]			[64, 31, 1356]			0	0	0	[4189, 3652, 207]			0	0	0	0	0	0	0	0	0	0	0	[342, 232, 1685]			0	0	0	0	0	0	0	0	0	0	0	0	0	0	0	
[5]	0	0	0	0	0	0	[155, 193, 230]			0	0	0	0	0	0	0	0	0	0	0	0	0	0	0	0	0	[86]			0	0	0	0	0	0	0	0	0	0	[1513, 137, 316]			0	0	0	0	0	0	0	0	0	0	0	0	0	0	0	0	0	0	0	0	[656, 1542, 126]			0	0	0	0	0	0	0	0	0	0	0	[548, 101, 1628]			0	0	[3203, 756, 2749]			0	0	0	0	0	0	0	0	0	0	0	0	[3109, 1231, 199]			0	0	0	0	0	0	0	0	0	0	0	0	0	0	0	0	0	0	0	0	0	0	0	0	0	0	0	0	0	0	0	0	0	0	0	0	0	0	0	0	0	0	0	0	[1610, 1090, 217]			0	0	0	[5, 136, 497]			0	0	0	0	0	[92, 340, 72]			0	0	0	0	
[1, 4]	0	0	0	0	0	[831]			0	[934, 1553, 673]			0	[2626, 3134]			0	0	0	[1737]			0	0	0	0	[1349, 418, 653]			[147, 22, 1755]			0	0	0	0	0	0	0	[250, 3255, 812]			0	0	0	0	0	0	0	0	0	[714, 2793, 702]			0	0	0	0	0	0	0	0	0	0	0	0	0	[1162, 296, 105]			0	0	0	0	0	0	0	0	0	0	[3025, 4692, 254]			0	0	0	0	0	0	0	0	0	0	0	0	0	0	0	0	0	0	0	0	0	0	0	0	0	0	0	0	0	0	0	0	0	0	0	0	0	0	0	0	0	0	0	0	0	0	0	0	0	0	0	0	0	0	0	0	0	0	0	0	0	0	0	0	0	0	0	0	0	0	0	0	0	0	0	0	0	0	0	0	0	
[2, 3]	0	0	0	0	0	0	0	0	0	0	0	0	0	0	0	0	0	0	0	0	0	0	0	0	[86, 464]			0	0	0	0	0	0	0	0	0	0	0	0	0	0	0	0	[637, 2486, 2250]			0	0	0	0	0	0	0	[96, 1194, 5300]			0	0	0	0	0	0	0	0	0	0	0	0	0	0	0	0	[3546]			0	0	0	0	[3203]			0	0	0	0	0	0	0	0	0	[1356, 1671, 1699]			0	0	0	0	0	0	0	0	0	0	0	[1769, 1582, 1460]			0	0	0	0	0	0	0	0	0	[29, 2087, 928]			0	0	0	0	0	0	0	0	0	0	0	0	0	0	0	0	0	0	0	[567, 726, 645]			0	0	0	0	0	0	0	0	0	0	0	0	0	0	[589, 714, 904]			0	0	0	0	0	
[6]	0	0	0	0	0	0	0	0	0	0	0	0	0	0	0	0	0	0	0	0	0	0	0	0	0	0	0	0	0	0	0	0	0	0	0	[246, 316, 1527]			0	0	0	0	0	0	0	[595, 762, 865]			0	0	[1314, 342, 1710]			0	0	0	0	0	0	0	0	0	[1227, 287, 573]			0	0	0	0	0	0	0	0	0	[2588, 2104, 253]			0	[637, 187, 131]			0	0	[1270, 1728, 331]			0	0	0	0	[3860, 1477, 302]			0	0	0	0	0	0	0	[3019, 1048, 820]			0	0	0	0	0	0	0	0	0	0	0	0	0	0	0	0	0	0	0	0	0	0	0	0	0	0	0	0	0	0	0	0	0	0	0	0	0	0	0	0	0	0	0	0	[48, 1150, 210]			0	0	0	0	0	0	0	0	0	0	0	0	0	0	
[1, 5]	0	0	0	0	0	0	0	0	0	0	0	0	0	0	0	0	0	0	0	0	[489, 643, 135]			0	0	0	0	0	[2119, 203, 1412]			0	0	0	0	0	0	0	0	[1513, 137, 57]			0	0	0	0	0	0	0	0	0	0	[1228, 389, 451]			0	0	0	0	0	0	0	0	0	0	0	0	0	0	0	0	[3425, 4095, 5363]			0	0	[2592, 3546, 538]			0	0	0	[3075, 195, 112]			0	0	0	0	0	0	0	0	0	0	0	0	0	0	0	0	0	0	0	0	0	0	0	0	0	0	0	0	0	[316, 186, 6]			0	0	0	0	0	[193, 121, 450]			0	0	0	0	0	0	0	0	0	0	0	0	0	0	0	0	0	0	0	0	0	0	0	[267, 623, 662]			0	0	0	0	0	0	0	0	0	0	0	0	0	
[2, 4]	0	0	0	0	0	0	0	0	0	0	0	0	0	0	0	0	0	0	0	0	0	0	0	0	0	[2413, 2293, 86]			0	0	0	0	0	0	0	0	0	0	0	0	0	0	0	[1116, 1006, 733]			0	0	0	0	0	0	0	0	0	0	0	0	0	0	0	0	0	0	0	0	0	0	0	0	0	0	0	0	[3075, 195, 1128]			0	0	0	0	0	0	0	0	0	[3292, 3193, 3144]			0	0	0	0	0	0	0	0	0	0	0	0	0	0	0	0	0	0	0	0	0	0	0	0	0	0	0	0	0	0	0	0	0	0	0	0	0	0	0	0	0	[980, 1232, 72]			0	0	0	0	[1099, 1096]			[2993, 1083, 342]			[1610, 1075, 1118]			0	0	0	0	[2010, 136, 631]			0	0	0	0	0	0	0	[2345, 316, 1708]			0	
[7]	0	0	0	0	0	0	0	0	0	[6505, 1483, 7132]			0	0	0	0	0	0	0	0	0	[2081, 3389]			0	0	0	0	0	0	0	[37, 90, 1191]			0	0	0	0	0	0	0	0	[1962, 146, 36]			0	0	0	0	[2840, 692, 2519]			0	0	0	0	0	0	0	[2334, 296, 3093]			0	0	0	0	0	0	0	0	0	0	0	[868, 637, 1392]			[756, 80, 2170]			0	0	0	0	0	0	0	0	0	0	[1572, 3099, 3332]			0	0	0	0	0	0	0	0	0	0	0	0	0	0	0	0	0	0	0	0	0	0	0	0	0	0	0	0	0	0	0	0	0	0	0	0	0	0	0	0	0	0	0	0	0	0	0	0	0	0	0	0	0	[210, 551, 1000]			0	0	0	0	0	0	0	0	0	0	0	0	0	0	0	0	
[1, 6]	[1399, 1567, 782]			0	0	0	0	0	0	0	0	0	[4036, 1629, 3195]			0	0	0	0	0	0	0	0	0	0	0	0	0	0	[2413, 225, 34]			0	0	0	0	0	[269, 483, 1401]			0	0	0	0	0	0	0	0	0	0	0	0	0	0	0	0	0	0	0	0	0	[1080, 1285, 854]			0	0	0	0	0	0	0	0	0	[4095, 4979, 1490]			0	0	0	0	0	0	0	0	[283, 2029, 2501]			0	[490, 841, 539]			0	0	0	0	0	0	0	0	0	0	0	0	0	0	0	0	0	0	0	0	[135, 152, 667]			0	0	0	0	0	0	0	0	0	0	0	0	0	0	0	0	0	0	0	0	[3652, 4189, 4046]			0	0	0	0	0	0	0	0	0	0	0	0	0	0	0	0	0	0	0	0	0	0	0	0	0	0	0	
[2, 5]	0	0	0	0	0	0	0	0	0	0	0	0	0	0	0	0	0	0	0	0	0	0	0	0	0	0	0	0	0	0	0	0	0	0	0	0	0	0	0	0	0	0	0	[23, 1, 762]			0	0	0	0	0	0	[770, 706, 589]			0	0	0	0	0	0	0	0	0	0	0	0	0	0	0	0	0	0	0	0	0	[88, 19, 2606]			0	0	0	0	0	0	0	0	0	0	0	0	0	0	0	0	0	0	[155, 231, 1222]			0	[5660, 1460, 74]			0	0	0	0	[144, 121, 263]			0	[6, 316, 858]			0	0	0	0	0	0	0	0	0	0	0	0	0	0	0	0	0	0	0	0	0	0	0	0	0	0	0	0	0	0	0	[958, 192, 380]			0	0	0	0	0	0	0	0	[251, 102, 295]			0	[303, 445, 253]			
[1, 7]	0	[1035, 2362, 1384]			[53, 2729, 1635]			0	0	0	0	0	0	0	0	0	0	0	0	0	[945, 1014, 1532]			0	0	0	0	0	0	0	0	0	0	0	0	0	0	0	0	0	0	0	0	0	0	0	0	0	[1313, 1516, 689]			0	0	0	0	0	0	0	0	0	0	0	0	[664, 1362, 1211]			0	0	0	0	0	0	0	0	0	0	0	0	0	0	0	0	0	0	0	0	0	0	0	0	0	0	0	0	0	0	0	0	0	0	0	0	0	0	0	0	0	0	0	[539, 56]			0	0	[245, 138, 1594]			0	0	0	0	[2260, 264, 753]			0	0	0	0	0	0	0	0	0	0	0	0	[1715, 1231, 849]			0	0	0	0	0	0	0	0	0	0	[2080, 1385, 662]			0	0	0	0	0	0	0	0	0	0	0	0	
[2, 6]	0	0	0	0	0	0	[155]			0	0	[3737, 4351, 3233]			0	0	0	0	0	0	0	0	0	0	0	0	0	0	[86, 23, 896]			0	[1536, 2238, 1663]			0	0	0	[1455, 21, 1629]			0	0	0	0	0	0	0	0	0	0	0	0	0	0	0	0	0	0	[1624, 2514, 1194]			0	0	0	0	0	0	0	0	0	0	0	0	0	0	0	0	0	0	0	0	[3075, 1319, 1106]			0	0	0	0	0	0	0	0	0	0	0	0	0	0	0	0	0	0	0	0	0	0	0	0	0	[650, 2143, 374]			0	0	0	[6, 858, 484]			0	0	0	0	0	0	0	0	0	0	0	0	0	0	[279, 1019, 756]			0	0	0	0	0	0	0	0	0	0	0	0	0	0	0	0	0	0	0	0	0	0	0	0	0	0	0	0	
[3, 6]	0	0	0	0	[2298, 1129, 681]			[1277, 661, 58]			0	[934, 757, 3504]			0	0	0	0	0	0	0	0	0	0	[275, 610, 42]			0	0	0	0	0	0	0	0	0	0	0	0	0	0	0	0	0	0	0	0	0	0	0	0	0	0	0	0	0	0	0	0	0	0	0	0	0	0	0	0	0	0	0	0	0	0	0	0	0	0	0	0	0	0	0	0	0	0	0	0	[1613, 1260, 843]			0	0	0	0	0	0	0	0	0	[160, 535, 149]			0	0	0	0	0	0	0	0	0	0	0	0	0	0	0	0	0	0	[261, 389, 948]			[3129, 3276, 88]			0	0	0	0	0	0	0	0	0	0	0	0	0	0	0	0	0	0	[342, 232, 1685]			0	0	0	0	0	0	0	[1826, 1307, 939]			0	0	0	0	0	0	0	
[2, 7]	[3049, 36, 3371]			0	0	0	0	0	0	0	0	0	0	0	0	0	0	0	0	0	0	0	0	0	0	0	0	0	0	0	0	0	0	0	0	0	0	0	0	0	0	0	[2916, 2937, 1612]			0	0	0	0	0	0	[142, 586, 1777]			[1631, 886, 543]			0	0	0	0	0	0	0	0	0	0	0	0	0	0	[1845, 1081, 2250]			0	0	[3546]			0	0	0	0	[3203]			0	0	0	[1057, 680, 852]			0	0	0	0	0	0	0	0	0	0	[3742, 2773, 1095]			0	0	0	0	0	0	0	0	0	0	0	0	0	0	0	0	0	0	[1050, 284, 2554]			0	0	0	0	0	0	0	0	0	0	0	0	0	0	0	0	0	0	0	0	0	0	0	0	0	0	0	0	0	0	0	0	0	0	0	0	0	0	
[3, 7]	0	0	0	0	0	0	0	0	0	0	[455, 514, 3030]			[915, 272, 1379]			0	0	0	0	0	0	0	0	0	0	0	0	0	0	0	0	0	0	0	[1017, 483, 2030]			0	0	[1272, 1719, 1428]			0	0	0	0	[37, 51, 154]			0	0	0	0	0	0	0	0	0	0	0	0	[377, 659, 96]			0	0	0	0	0	0	0	0	0	0	0	0	0	0	0	0	[512, 2499, 26]			0	0	0	0	0	0	0	0	0	0	0	0	0	[4108, 60, 3848]			0	0	0	0	0	0	0	0	0	0	0	0	0	[356, 332, 1363]			0	0	0	0	0	0	0	0	0	0	0	0	[982, 190, 606]			0	0	0	0	0	0	0	0	0	0	0	0	0	0	0	0	0	0	0	0	0	0	0	0	0	0	0	0	0	0	0	0	0	
[4, 6]	0	[1035, 2987, 1117]			0	0	0	0	0	0	0	0	0	0	0	0	0	0	0	0	0	0	0	0	0	0	0	0	0	0	0	0	0	0	0	0	0	0	0	0	0	0	0	0	0	0	0	0	0	[2196, 2645, 1777]			0	0	0	0	0	0	[311, 973, 298]			0	0	0	0	0	0	0	0	0	0	0	0	0	0	0	0	0	0	0	0	0	0	0	[901]			0	0	0	0	0	0	0	0	0	0	0	0	0	0	[4101, 1769, 1377]			0	0	0	0	0	0	0	0	0	0	0	0	[1644, 1947, 332]			0	0	0	0	[295, 438, 614]			[788, 266, 64]			0	0	0	0	0	[833, 984, 140]			[1203, 1133, 908]			0	0	0	0	0	0	0	0	0	0	0	0	0	0	0	0	0	0	0	0	0	0	0	0	
[1, 3, 6]	0	0	0	0	0	0	0	0	0	0	0	0	0	[2304, 1737, 719]			0	0	0	0	0	0	0	0	[1760, 1083, 1024]			0	0	0	0	0	0	0	0	0	0	[677, 364, 1937]			0	0	0	0	[596, 1340, 1702]			0	0	0	0	0	0	0	0	0	0	0	0	0	0	0	0	0	0	0	[821, 121, 316]			[499, 2058, 2654]			0	0	0	0	0	0	0	0	0	0	0	0	0	0	0	0	0	0	0	0	0	0	0	0	0	[35, 300, 445]			[392, 3072, 2517]			0	0	0	0	0	0	0	0	0	0	0	0	0	0	[32, 448, 583]			0	0	0	0	0	0	0	0	0	0	0	0	0	0	0	0	0	0	0	0	0	[567, 553, 379]			0	0	0	0	0	0	0	0	0	0	0	0	0	0	0	0	0	0	0	0	
[4, 7]	0	0	0	0	[1767, 931, 278]			0	0	[673, 158, 701]			0	0	0	0	0	0	0	0	0	[1357, 624, 1665]			0	0	0	0	0	0	0	0	0	0	0	0	0	0	0	0	0	0	0	0	[2430, 547, 596]			0	0	0	0	0	0	0	0	0	0	0	0	0	0	0	0	0	0	0	0	0	0	[822, 1206, 105]			0	0	0	0	0	0	0	0	0	0	0	0	0	0	0	0	0	0	0	0	0	0	[777, 46, 2022]			0	0	0	0	0	0	0	0	0	0	0	0	0	0	[110, 539, 966]			0	0	0	0	0	0	0	0	0	[232, 830, 3129]			0	0	0	0	0	0	[3652, 4189, 4170]			0	0	0	0	0	0	0	0	0	0	0	0	0	0	0	0	0	0	0	0	[47, 247, 121]			0	0	0	0	0	0	
[5, 6]	0	0	0	0	0	0	0	0	0	0	0	0	0	0	0	0	0	0	0	0	0	0	0	0	0	0	0	0	0	0	0	0	0	0	0	0	0	0	0	0	0	0	0	0	0	0	0	0	0	0	0	[590, 1360, 296]			0	0	0	0	0	0	0	0	0	0	0	0	0	[133, 756, 376]			0	0	0	0	0	0	0	0	0	0	0	0	0	0	0	[273, 1011, 1341]			0	0	0	0	0	0	0	0	0	[155, 231, 1182]			0	0	0	[598, 321, 596]			0	0	0	0	0	0	0	0	0	0	0	0	0	0	0	0	0	0	0	0	0	0	0	0	0	0	0	0	0	0	0	0	0	0	0	0	0	0	[2285, 2010, 631]			0	0	0	[322, 904, 1186]			[92, 72, 32]			0	[251, 102, 295]			[961, 316, 401]			0	
[1, 3, 7]	0	0	0	[166, 44, 535]			0	0	0	0	[1576, 290, 969]			0	0	0	0	0	0	0	0	0	0	0	0	0	0	0	0	0	0	0	0	[899, 1215, 1105]			0	0	0	0	0	0	0	0	0	0	0	0	0	0	0	0	0	0	0	0	0	0	0	0	0	0	0	0	0	0	[1135, 2622, 1772]			0	0	0	[2659, 1385, 1104]			0	0	0	0	0	0	0	0	0	0	0	0	0	0	0	[520, 2092, 3144]			0	[541, 156, 1316]			0	0	0	0	0	0	0	0	0	0	0	0	0	0	0	0	0	0	0	0	0	0	0	0	0	0	0	0	0	0	[1114, 912, 837]			0	0	0	0	0	0	0	0	0	0	[151, 50]			0	0	0	0	0	0	0	0	0	0	[1767, 529, 289]			0	0	0	0	0	0	0	0	
[1, 4, 6]	0	0	0	0	0	0	0	0	0	0	0	0	0	0	0	0	0	0	0	0	[437, 952, 265]			0	0	0	0	0	0	0	0	0	0	0	0	0	0	0	0	0	0	0	0	[1006, 733, 3681]			0	0	0	0	0	0	[1757, 588, 1514]			0	0	0	0	0	0	0	0	0	0	0	0	0	[3025, 4692, 2592]			0	0	0	0	0	0	0	0	0	0	[430, 1529]			0	0	0	0	0	0	0	0	0	0	0	0	0	0	0	0	0	0	0	0	[1054, 69, 1899]			0	0	0	0	0	0	0	0	0	0	[967, 3483, 2854]			0	0	0	0	0	0	0	0	[255, 1612, 186]			0	0	0	0	0	0	0	0	0	0	0	[258, 92, 672]			0	0	0	[623, 378, 674]			0	0	0	0	0	0	0	0	0	0	0	0	0	
[2, 3, 6]	0	0	[782, 727, 2644]			0	0	0	0	0	0	0	0	0	0	0	[306, 35, 431]			0	0	[235, 2956, 207]			0	0	0	0	0	0	0	0	0	0	0	0	0	0	0	0	0	[57, 316, 1231]			0	0	0	0	0	0	0	0	0	0	0	0	0	0	0	0	0	[752, 1597, 854]			0	0	[573, 126, 1174]			0	0	0	0	0	[1670, 368, 6285]			0	0	0	0	0	0	0	0	0	0	0	0	0	0	0	0	0	0	0	0	0	[3019, 3424, 199]			0	0	0	0	0	0	0	0	0	0	0	0	0	0	0	0	0	0	0	0	0	0	0	0	0	0	0	0	0	0	0	[3173, 1219, 953]			0	0	0	0	0	0	0	0	0	0	0	0	0	[931, 1430, 378]			0	0	0	0	0	0	0	0	0	0	0	0	0	
[5, 7]	0	0	0	0	0	0	0	0	0	0	0	0	0	0	0	0	0	0	0	0	0	0	0	0	0	0	0	0	0	0	[21, 1781, 1629]			0	0	0	0	0	0	[1286, 927, 2184]			0	0	0	0	0	0	0	0	[1228, 451, 905]			0	0	[4245, 228, 6046]			0	0	0	0	0	0	[656, 1542, 906]			0	0	0	0	0	0	0	0	0	0	0	0	0	[3075, 112, 3553]			0	0	0	0	0	0	0	0	0	0	0	0	0	0	0	0	0	0	0	0	0	0	[5660, 74, 6757]			0	0	0	0	0	0	0	0	0	0	0	0	[193, 450, 121]			0	0	0	0	0	0	0	0	0	0	0	[60, 811, 1764]			0	0	0	0	0	0	0	0	0	[2430, 2333, 1083]			0	0	0	0	0	0	0	0	0	0	0	0	0	0	0	
[1, 4, 7]	0	0	0	0	0	0	0	0	0	0	0	0	[329, 488, 67]			0	0	0	[1532, 945, 1014]			0	0	0	0	0	0	0	0	0	0	0	0	0	0	0	0	0	0	0	0	0	0	0	0	0	0	0	[911, 73, 91]			0	0	0	0	0	0	0	0	0	0	0	0	0	0	[216, 1957, 232]			0	0	0	0	0	0	0	0	0	0	0	0	0	0	[490, 556, 841]			0	0	0	0	0	0	0	0	0	0	0	0	0	0	0	0	0	0	0	0	0	0	0	0	0	0	0	0	0	[653, 950, 90]			0	0	0	[1198, 881, 261]			0	0	0	0	0	0	0	0	0	0	0	0	0	[1232]			0	0	[833]			0	0	0	0	0	0	0	0	0	0	0	0	[714, 1348, 769]			0	0	0	0	0	
[1, 5, 6]	0	0	0	0	0	0	0	0	0	0	0	0	0	0	0	0	0	0	[420, 1174, 109]			0	0	0	0	0	0	0	0	0	0	0	0	0	0	0	0	0	0	0	0	0	0	0	0	0	0	0	0	0	[1631, 757, 1514]			0	[976, 770, 589]			0	0	0	0	0	0	[1532, 167, 1233]			0	0	0	0	0	0	0	0	0	0	[637, 101, 320]			0	0	0	0	0	0	0	0	0	0	0	0	0	0	0	0	0	0	0	0	0	0	0	[431, 158, 402]			0	0	0	[650, 374, 2143]			0	0	0	0	0	0	0	0	0	0	0	0	0	0	[1168, 295, 1465]			0	0	0	0	0	0	0	0	0	0	[980, 348, 1232]			0	0	0	0	0	0	0	0	0	0	0	0	0	0	0	0	0	[79, 118, 181]			0	0	0	
[2, 3, 7]	0	0	0	0	0	0	0	0	0	0	0	0	0	[433, 656, 2871]			0	0	0	0	0	0	[534, 720, 962]			[1300, 153, 783]			0	0	0	[2413, 2293, 1364]			0	0	0	0	0	0	0	0	0	0	0	0	0	0	0	0	0	0	0	0	0	0	0	0	0	[1360, 427, 500]			0	[854, 255, 1597]			0	0	0	0	0	0	0	0	0	0	0	0	0	0	0	0	0	0	0	0	0	0	0	0	0	0	0	0	0	0	0	0	0	0	[1150, 1197, 1244]			0	0	0	0	0	0	0	0	0	0	0	0	0	0	0	0	0	0	0	0	0	0	0	0	0	0	0	0	0	0	[58, 908, 718]			[2107, 217, 1370]			0	0	0	0	0	0	0	0	0	0	0	0	0	[2010, 677, 2350]			0	0	0	0	0	0	0	0	0	
[2, 4, 6]	0	0	0	0	0	0	0	0	0	0	[3195, 3475, 2793]			0	0	0	0	0	0	0	0	0	0	0	0	0	0	0	0	0	0	0	0	[2328, 2757, 2487]			0	0	0	0	0	0	0	0	0	0	0	0	0	0	0	0	0	0	0	0	0	0	0	[1398, 1196, 595]			0	0	0	0	0	0	0	[1845, 1081, 2250]			0	0	0	0	0	[251, 1065, 1649]			0	0	0	0	0	0	0	0	0	0	0	0	0	[1362, 5416, 638]			0	0	0	0	0	0	0	0	0	0	0	0	0	0	0	0	0	0	0	0	0	0	0	[2514, 327, 116]			0	0	0	0	0	0	0	0	0	0	0	0	0	0	0	0	0	0	0	0	0	0	0	0	0	[242, 215, 2]			0	[2139, 672, 428]			[436, 1593, 2891]			0	0	0	0	0	0	0	
[1, 5, 7]	[691, 941, 367]			0	0	0	0	0	0	0	0	0	0	0	0	0	0	0	0	0	0	0	0	0	0	[443, 680, 187]			0	0	0	0	0	0	0	0	0	0	0	0	0	0	0	0	0	0	0	0	0	0	0	[1463, 1882, 1091]			0	0	0	0	0	0	0	0	0	0	0	0	0	0	0	0	0	0	[3546, 2592, 538]			[773, 414, 618]			[548, 1238, 366]			0	0	0	0	0	0	0	0	0	[930, 3, 131]			0	0	0	0	0	0	0	0	0	0	0	0	0	0	0	0	0	0	0	0	0	0	0	0	0	0	0	0	0	0	0	0	0	0	0	0	[744, 1183, 1117]			0	0	0	0	0	0	0	0	0	0	0	0	0	[1610, 1090, 1203]			0	0	0	0	0	0	0	0	0	0	0	0	[961, 944, 401]			0	
[2, 4, 7]	0	0	0	0	0	0	0	0	0	[2626, 2633, 3134]			0	0	0	0	0	[1187, 1575, 1318]			0	0	[1349, 653, 883]			0	0	0	0	0	0	0	[2332, 2238, 1412]			0	0	0	0	0	[290, 818, 1286]			0	0	0	0	0	0	0	0	0	0	0	0	0	0	0	0	0	0	0	0	0	[298, 973, 311]			0	0	0	0	0	0	0	0	0	0	0	0	0	0	0	0	0	0	[2237, 430]			0	0	0	[937, 158, 33]			0	0	0	0	0	0	0	0	0	0	0	0	0	0	0	0	0	0	0	0	0	0	0	0	0	0	0	0	0	0	0	0	0	0	0	0	0	0	0	[54, 991, 423]			0	0	0	[293, 194, 399]			0	0	0	0	0	0	0	0	0	0	0	0	0	0	0	0	0	0	0	0	0	0	
[2, 5, 6]	0	0	0	0	0	0	0	0	0	0	0	0	0	0	0	0	0	0	0	0	[489, 643, 457]			0	0	[443, 66, 491]			0	0	0	0	[230, 1592, 1219]			0	0	0	0	0	0	0	0	0	0	0	0	0	0	[23, 762, 977]			0	0	0	0	0	0	0	0	0	0	0	0	0	[1532, 167, 1233]			0	0	0	0	0	0	0	0	0	0	0	0	0	0	0	0	0	0	0	0	0	0	0	0	0	0	0	0	0	[85, 9, 80]			0	0	[968, 390]			0	0	0	0	0	0	0	0	0	0	0	0	0	0	0	0	0	0	0	0	0	[529, 1456, 201]			0	0	0	0	0	0	0	0	0	0	0	0	0	0	0	0	0	0	0	[192, 958, 380]			0	0	0	0	0	0	0	[118, 79, 131]			0	0	0	
[2, 5, 7]	0	0	0	0	[2525, 2201, 1070]			0	0	0	0	0	0	0	0	[433, 2871, 18]			[35, 1513, 306]			0	0	0	0	0	0	0	0	0	0	0	0	0	0	0	0	0	0	0	0	[1513, 316, 57]			0	0	0	0	0	0	0	0	0	[186, 90, 50]			0	0	0	0	0	0	0	0	0	0	0	0	0	0	0	0	[368, 4826, 3025]			0	0	0	0	0	0	0	0	0	0	0	0	0	0	0	0	0	0	0	0	0	0	0	0	0	0	0	0	0	0	0	0	[598, 321, 14]			0	0	0	0	0	0	0	0	0	0	0	[1502, 2514, 646]			[2078, 603, 1095]			0	0	0	0	0	0	0	0	0	0	0	0	0	0	0	0	0	0	0	0	0	[267, 662, 931]			0	0	0	0	0	0	0	0	0	0	0	0	0	
