20210908145705,2,uomo;7;11;14
20210908150120,2,donna;7;11;15
20210908150149,1,uomo;7;11;14
20210908151315,3,donna;6;11;14
20210908151821,2,donna;6;11;15
20210908152310,1,uomo;8;11;14
20210908152449,1,donna;6;11;15
20210908153913,1,uomo;7;11;14
20210908154128,2,uomo;7;11;14
20210908183259,1,uomo;8;12;15
20210908185240,1,donna;7;11;14
20210908204454,2,donna;7;11;14
20210908205446,1,uomo;6;13;15
20210908211438,2,uomo;7;11;14
20210908211637,1,uomo;8;11;14
20210908212221,2,donna;7;11;14
20210908212704,1,uomo;6;11;14
20210908213554,2,donna;7;12;14
20210908213636,1,uomo;6;11;14
20210908213853,2,donna;8;12;14
20210908215111,2,donna;7;11;14
20210908215149,2,donna;7;12;14
20210908220814,2,donna;6;11;14
