1	32	2628
1	192	321
1	274	121
1	261	2429
1	88	171
1	56	4939
1	41	1016
1	122	3866
1	44	3685
1	287	1192
2	288	437
2	49	198
2	84	5601
2	228	2376
2	86	198
2	118	3435
2	72	918
2	219	1759
2	284	820
2	221	1716
3	160	520
3	177	425
3	210	262
3	67	517
3	84	5280
3	117	2337
3	119	25
3	40	1419
3	280	972
3	57	161
4	64	1210
4	19	1270
4	118	80
4	166	2289
4	262	458
4	214	864
4	231	1000
4	91	3507
4	31	427
4	111	169
1,3	80	597,2272
1,3	208	147,835
1,3	273	664,955
1,3	162	1004,745
1,3	84	3574,5280
1,3	117	3335,2337
1,3	149	300,356
1,3	265	230,1568
1,3	74	142,234
1,3	207	330,67
5	160	520
5	81	871
5	65	1108
5	146	723
5	275	2141
5	84	3366
5	117	2337
5	7	819
5	57	650
5	174	370
1,4	64	1561,1210
1,4	118	1531,80
1,4	166	1985,2289
1,4	198	1025,169
1,4	103	2623,2560
1,4	90	413,471
1,4	284	1759,2070
1,4	61	869,162
1,4	253	349,298
1,4	31	860,427
2,3	148	754,1608
2,3	180	1147,989
2,3	166	1577,2526
2,3	120	63,917
2,3	217	4029,998
2,3	89	248,459
2,3	157	24,622
2,3	206	652,775
2,3	31	1503,36
2,3	111	1060,262
6	288	1642
6	49	349
6	242	127
6	51	550
6	115	288
6	118	3430
6	72	1943
6	280	447
6	153	1082
6	93	837
1,5	85	622,702
1,5	165	2233,1569
1,5	279	763,1668
1,5	152	1907,1379
1,5	104	2208,3241
1,5	8	288,54
1,5	58	218,386
1,5	13	341,446
1,5	159	2096,3624
1,5	63	1337,221
2,4	241	229,404
2,4	226	394,44
2,4	115	72,939
2,4	164	709,259
2,4	100	2273,816
2,4	118	3435,80
2,4	231	2612,1000
2,4	281	336,1939
2,4	266	497,2928
2,4	91	43,3507
7	33	1347
7	114	2329
7	20	136
7	149	678
7	229	523
7	278	1435
7	266	340
7	75	254
7	267	1660
7	45	179
1,6	129	949,620
1,6	225	559,2
1,6	148	157,830
1,6	196	1166,2626
1,6	84	3574,5347
1,6	22	894,300
1,6	23	671,710
1,6	72	1561,1943
1,6	271	393,1823
1,6	47	296,569
2,5	64	2195,805
2,5	52	1167,1555
2,5	148	754,1252
2,5	134	2072,3026
2,5	72	918,1267
2,5	280	659,1135
2,5	56	3054,907
2,5	93	837,948
2,5	47	569,1110
2,5	79	492,1740
1,7	272	951,1345
1,7	275	2056,1512
1,7	20	3144,136
1,7	85	622,248
1,7	135	1567,734
1,7	10	811,861
1,7	75	521,254
1,7	270	1809,1178
1,7	223	1696,1872
1,7	63	1337,576
2,6	288	437,1642
2,6	129	1007,620
2,6	49	198,349
2,6	51	1156,550
2,6	244	554,602
2,6	132	284,284
2,6	86	198,198
2,6	249	72,3
2,6	93	837,837
2,6	142	602,558
3,6	115	502,288
3,6	22	331,300
3,6	118	3035,3430
3,6	150	559,447
3,6	23	763,710
3,6	232	190,291
3,6	280	972,447
3,6	89	459,543
3,6	250	497,288
3,6	190	802,561
2,7	259	375,384
2,7	83	2944,2729
2,7	20	2227,136
2,7	149	100,678
2,7	246	352,563
2,7	278	608,1435
2,7	199	2263,2079
2,7	44	1708,3784
2,7	189	534,963
2,7	207	398,330
3,7	160	520,298
3,7	144	193,378
3,7	33	1516,1347
3,7	275	1794,1512
3,7	245	1704,859
3,7	85	768,248
3,7	117	2337,720
3,7	171	822,844
3,7	28	566,992
3,7	63	1092,576
4,6	100	816,1420
4,6	198	169,1110
4,6	166	2289,1561
4,6	118	80,3430
4,6	103	2560,624
4,6	107	3490,2891
4,6	91	3507,2264
4,6	237	456,522
4,6	61	162,908
4,6	31	427,1079
1,3,6	52	851,1765,692
1,3,6	134	5182,1418,2315
1,3,6	40	663,1419,586
1,3,6	57	190,161,270
1,3,6	153	1282,202,1082
1,3,6	283	605,4,1064
1,3,6	76	1244,518,549
1,3,6	238	366,400,55
1,3,6	271	393,164,1823
1,3,6	79	1947,57,499
4,7	160	539,298
4,7	228	2017,4079
4,7	262	458,38
4,7	199	3092,2079
4,7	217	872,921
4,7	266	2928,340
4,7	253	298,109
4,7	286	2701,173
4,7	270	382,1178
4,7	159	618,3311
5,6	288	1122,1642
5,6	242	263,127
5,6	180	524,1268
5,6	263	198,28
5,6	72	1267,1943
5,6	185	1207,1678
5,6	29	396,904
5,6	206	1307,1397
5,6	190	775,561
5,6	47	1110,569
1,3,7	81	601,626,705
1,3,7	193	559,4664,330
1,3,7	114	30,1003,2329
1,3,7	5	2459,219,807
1,3,7	261	2429,714,1524
1,3,7	7	3119,1665,2366
1,3,7	152	1907,271,178
1,3,7	173	277,111,312
1,3,7	13	341,221,19
1,3,7	239	978,120,369
1,4,6	64	1561,1210,2195
1,4,6	241	94,404,288
1,4,6	98	3322,2289,2503
1,4,6	130	334,147,45
1,4,6	83	2025,1699,4362
1,4,6	167	3278,958,1133
1,4,6	217	4730,872,1126
1,4,6	90	413,471,772
1,4,6	286	75,2701,2038
1,4,6	111	956,169,1451
2,3,6	98	2124,1257,2503
2,3,6	227	371,150,178
2,3,6	148	754,1608,830
2,3,6	196	3218,1929,2626
2,3,6	84	5601,5280,5347
2,3,6	133	250,315,250
2,3,6	105	540,213,771
2,3,6	172	1639,1426,1336
2,3,6	221	1716,606,108
2,3,6	238	399,400,55
5,7	36	128,2465
5,7	20	647,136
5,7	229	950,523
5,7	277	802,341
5,7	71	2688,474
5,7	267	265,1660
5,7	171	822,844
5,7	44	4111,3784
5,7	188	1568,2195
5,7	95	1405,97
1,4,7	83	2025,1699,2729
1,4,7	180	729,546,509
1,4,7	213	772,1204,473
1,4,7	165	2233,385,2425
1,4,7	246	661,3458,563
1,4,7	183	1442,1139,1743
1,4,7	279	763,1526,995
1,4,7	56	4939,1397,6031
1,4,7	88	171,2636,2312
1,4,7	218	802,211,781
1,5,6	115	694,403,288
1,5,6	228	4124,2017,1277
1,5,6	247	181,162,149
1,5,6	153	1282,1097,1082
1,5,6	217	4730,998,1126
1,5,6	106	641,213,1056
1,5,6	122	3866,3584,2705
1,5,6	91	3762,1196,2264
1,5,6	283	605,860,1064
1,5,6	76	1244,572,549
2,3,7	162	841,745,930
2,3,7	6	46,2633,1497
2,3,7	167	584,33,1075
2,3,7	183	131,884,1743
2,3,7	188	796,171,2195
2,3,7	270	1328,2288,1178
2,3,7	158	603,313,415
2,3,7	207	398,67,330
2,3,7	95	1692,1857,97
2,3,7	159	1229,845,3311
2,4,6	225	898,608,2
2,4,6	129	1007,350,620
2,4,6	226	394,44,152
2,4,6	19	1286,1270,715
2,4,6	21	603,363,91
2,4,6	103	910,2560,624
2,4,6	231	2612,1000,2630
2,4,6	90	772,471,772
2,4,6	237	421,456,522
2,4,6	127	1666,713,707
1,5,7	32	2628,1737,3099
1,5,7	208	147,969,521
1,5,7	176	327,769,884
1,5,7	33	814,1003,1347
1,5,7	195	826,1302,922
1,5,7	149	300,2221,678
1,5,7	265	230,1518,974
1,5,7	43	105,1284,651
1,5,7	284	1759,296,1367
1,5,7	45	624,152,179
2,4,7	114	5338,569,2329
2,4,7	98	2124,2289,1464
2,4,7	261	2613,197,1524
2,4,7	229	1669,880,523
2,4,7	216	1337,1274,348
2,4,7	10	454,6305,861
2,4,7	27	1868,433,392
2,4,7	236	940,1271,2031
2,4,7	62	2282,1959,537
2,4,7	223	1873,1661,1872
2,5,6	51	1156,1680,550
2,5,6	3	144,209,371
2,5,6	244	554,521,602
2,5,6	132	284,399,284
2,5,6	22	300,581,300
2,5,6	86	198,288,198
2,5,6	150	454,471,447
2,5,6	93	837,948,837
2,5,6	142	602,354,558
2,5,6	271	60,1330,1823
2,5,7	80	1800,1079,2297
2,5,7	48	299,261,205
2,5,7	81	1098,871,705
2,5,7	84	5601,3366,733
2,5,7	245	849,615,859
2,5,7	117	822,2337,720
2,5,7	166	1577,1430,896
2,5,7	138	346,632,1525
2,5,7	266	497,3020,340
2,5,7	14	515,962,666
