FILM	HA	LA	CO	BA	FR	GM	BM
1     	2322	3209	3428	1384	1190	1717	1473	
2     	1363	1319	501	285	661	1101	5	
3     	366	144	418	3	209	371	209	
4     	1980	1065	2948	2436	1679	1961	1689	
5     	2459	1835	219	1885	2063	1363	807	
6     	3105	46	2633	1767	2561	2045	1497	
7     	3119	3678	1665	1340	819	135	2366	
8     	288	647	548	537	54	465	572	
9     	647	309	380	37	623	529	1386	
10    	811	454	4826	6305	5938	3732	861	
11    	1616	202	1106	1447	369	220	1137	
12    	152	448	665	643	290	156	644	
13    	341	88	221	595	446	254	19	
14    	1202	515	519	903	962	1013	666	
15    	779	1825	1604	744	1547	433	2870	
16    	51	113	32	120	209	32	74	
17    	836	632	1085	1249	1263	1108	636	
18    	576	1376	574	1980	94	1108	1122	
19    	799	1286	1307	1270	89	715	285	
20    	3144	2227	647	566	647	3289	136	
21    	340	603	91	363	373	91	705	
22    	894	300	331	404	581	300	646	
23    	671	811	763	128	178	710	632	
24    	1745	1572	993	219	2345	695	1281	
25    	1990	1657	1472	1325	1761	1677	15	
26    	528	193	105	231	323	543	592	
27    	921	1868	2693	433	2440	761	392	
28    	264	702	566	1014	919	1087	992	
29    	1555	904	1382	1196	396	904	1318	
30    	1344	1572	1886	359	1340	969	782	
31    	860	1503	36	427	36	1079	2176	
32    	2628	507	3164	2215	1737	1181	3099	
33    	814	874	1516	1250	1003	1421	1347	
34    	814	806	424	356	963	61	1008	
35    	2494	2327	2129	147	2132	2389	705	
36    	298	463	692	1450	128	1857	2465	
37    	1017	1122	1053	1301	153	741	877	
38    	324	725	729	1221	158	673	206	
39    	374	215	229	348	653	230	507	
40    	663	749	1419	108	707	586	387	
41    	1016	207	1686	722	134	804	1702	
42    	86	67	469	646	332	503	616	
43    	105	3101	2182	1745	1284	2424	651	
44    	3685	1708	138	1339	4111	1708	3784	
45    	624	1282	1294	1277	152	1423	179	
46    	551	211	573	539	573	249	116	
47    	296	569	1110	856	1110	569	806	
48    	133	299	681	775	261	598	205	
49    	144	198	334	78	234	349	179	
50    	23	485	793	203	336	604	378	
51    	1471	1156	799	306	1680	550	436	
52    	851	1167	1765	2196	1555	692	2590	
53    	279	947	549	566	519	427	618	
54    	9	66	74	103	109	26	174	
55    	631	1738	1296	719	1296	1319	830	
56    	4939	3054	823	1397	907	3107	6031	
57    	190	662	161	653	650	270	89	
58    	218	1549	386	879	386	718	496	
59    	712	326	742	180	395	326	499	
60    	347	254	317	129	218	27	336	
61    	869	452	1154	162	1346	908	215	
62    	1743	2282	1918	1959	605	1333	537	
63    	1337	403	1092	1017	221	936	576	
64    	1561	2195	361	1210	805	2195	2083	
65    	573	1055	965	144	1108	466	297	
66    	112	233	265	787	619	450	19	
67    	369	369	517	415	125	366	228	
68    	435	156	251	209	251	607	616	
69    	24	307	498	255	747	162	474	
70    	646	39	674	843	481	35	686	
71    	2485	1888	1031	248	2688	2138	474	
72    	1561	918	969	1194	1267	1943	1746	
73    	60	29	69	29	102	114	102	
74    	142	360	234	364	225	92	382	
75    	521	408	713	854	283	476	254	
76    	1244	1465	518	1023	572	549	1416	
77    	121	23	118	99	121	9	117	
78    	456	993	1092	931	443	825	1076	
79    	1947	492	57	1740	1740	499	325	
80    	597	1800	2272	1110	1079	2453	2297	
81    	601	1098	626	448	871	148	705	
82    	6	1284	1157	830	262	389	781	
83    	2025	2944	6761	1699	1058	4362	2729	
84    	3574	5601	5280	1149	3366	5347	733	
85    	622	1497	768	314	702	1537	248	
86    	344	198	306	72	288	198	226	
87    	3	120	342	1076	1076	214	918	
88    	171	2057	173	2636	173	752	2312	
89    	579	248	459	377	452	543	105	
90    	413	772	708	471	77	772	1036	
91    	3762	43	2834	3507	1196	2264	1564	
92    	838	802	699	213	925	529	665	
93    	210	837	954	1043	948	837	637	
94    	188	207	64	2	64	35	97	
95    	1945	1692	1857	55	1405	921	97	
96    	878	549	619	713	162	248	760	
97    	396	556	441	108	555	105	303	
98    	3322	2124	1257	2289	4423	2503	1464	
99    	1366	273	116	756	1305	1085	432	
100   	1178	2273	1922	816	2512	1420	180	
101   	334	134	231	510	510	121	231	
102   	252	509	38	22	73	385	492	
103   	2623	910	1865	2560	1505	624	269	
104   	2208	2000	712	3136	3241	1571	2336	
105   	319	540	213	1080	1172	771	375	
106   	641	1427	509	841	213	1056	1457	
107   	649	1640	1659	3490	2588	2891	2528	
108   	292	357	432	191	309	745	190	
109   	407	362	380	90	353	264	280	
110   	766	61	153	618	153	1054	374	
111   	956	1060	262	169	1125	1451	1270	
112   	299	216	110	305	250	212	303	
113   	623	849	56	437	152	705	321	
114   	30	5338	1003	569	3053	3576	2329	
115   	694	72	502	939	403	288	1414	
116   	739	814	233	660	383	349	492	
117   	3335	822	2337	3118	2337	5217	720	
118   	1531	3435	3035	80	1009	3430	3460	
119   	209	602	25	541	418	656	704	
120   	334	63	917	1147	941	1720	1769	
121   	67	225	736	861	131	809	45	
122   	3866	273	2138	1455	3584	2705	1467	
123   	694	260	342	548	588	548	450	
124   	108	2	63	65	35	72	161	
125   	1621	374	283	1251	11	1682	176	
126   	3	338	148	121	154	208	148	
127   	328	1666	751	713	225	707	1740	
128   	248	215	868	452	938	392	1075	
129   	949	1007	723	350	192	620	705	
130   	334	329	405	147	239	45	299	
131   	195	29	312	73	305	292	91	
132   	214	284	158	175	399	284	158	
133   	534	250	315	412	52	250	280	
134   	5182	2072	1418	2573	3026	2315	6023	
135   	1567	1963	619	608	833	1612	734	
136   	110	297	151	316	382	305	149	
137   	860	66	385	1083	1346	896	1330	
138   	1579	346	632	1053	632	1760	1525	
139   	84	141	426	14	163	126	361	
140   	160	317	481	6	482	498	98	
141   	347	544	579	644	579	644	841	
142   	619	602	160	798	354	558	561	
143   	265	309	140	78	363	294	116	
144   	353	337	193	99	192	65	378	
145   	459	83	28	278	415	150	444	
146   	805	322	710	74	723	398	234	
147   	254	368	206	12	206	447	336	
148   	157	754	1608	1146	1252	830	107	
149   	300	100	356	1665	2221	310	678	
150   	334	454	559	346	471	447	100	
151   	367	104	115	1054	895	868	431	
152   	1907	1712	271	1350	1379	1492	178	
153   	1282	242	202	12	1097	1082	484	
154   	516	461	507	182	507	770	886	
155   	348	1040	635	292	100	963	892	
156   	462	1101	1562	1163	1562	1270	578	
157   	1185	24	622	2063	2814	219	1247	
158   	950	603	313	1198	744	463	415	
159   	2096	1229	845	618	3624	961	3311	
160   	699	460	520	539	520	274	298	
161   	1533	880	1336	1947	1684	1900	1684	
162   	1004	841	745	863	661	1522	930	
163   	81	226	304	45	148	236	67	
164   	152	709	532	259	532	532	326	
165   	2233	860	2237	385	1569	699	2425	
166   	1985	1577	2526	2289	1430	1561	896	
167   	3278	584	33	958	763	1133	1075	
168   	46	221	108	357	601	275	395	
169   	391	132	135	337	171	78	22	
170   	17	58	4	16	4	149	159	
171   	883	360	822	1984	822	898	844	
172   	1556	1639	1426	457	68	1336	9	
173   	277	302	111	129	167	144	312	
174   	411	375	106	368	370	60	42	
175   	152	222	148	193	147	140	6	
176   	327	117	964	772	769	1027	884	
177   	456	258	425	14	229	289	187	
178   	173	84	398	425	81	137	199	
179   	409	181	654	264	376	375	522	
180   	729	1147	989	546	524	1268	509	
181   	624	752	916	756	916	925	561	
182   	612	369	89	298	354	58	775	
183   	1442	131	884	1139	933	1778	1743	
184   	354	278	152	183	374	342	172	
185   	1047	1581	1207	609	1207	1678	1947	
186   	491	1430	649	850	461	1281	899	
187   	283	403	302	226	574	110	592	
188   	1320	796	171	257	1568	628	2195	
189   	1458	534	518	1531	421	915	963	
190   	1134	1094	802	142	775	561	770	
191   	147	182	55	174	35	137	185	
192   	321	408	230	523	664	997	1085	
193   	559	2085	4664	4727	4773	23	330	
194   	495	2009	746	689	1451	2170	417	
195   	826	552	501	1706	1302	1695	922	
196   	1166	3218	1929	741	2515	2626	1557	
197   	105	105	76	894	651	736	196	
198   	1025	567	1103	169	248	1110	1030	
199   	2611	2263	663	3092	2573	2751	2079	
200   	809	655	239	310	64	409	125	
201   	77	96	130	417	105	24	265	
202   	674	222	256	257	372	368	134	
203   	416	1166	209	975	209	696	35	
204   	42	136	110	83	6	136	55	
205   	975	778	794	687	1790	1859	753	
206   	128	652	775	539	1307	1397	1641	
207   	330	398	67	600	600	572	330	
208   	147	921	835	341	969	318	521	
209   	93	50	50	100	100	104	151	
210   	978	456	262	815	193	526	898	
211   	93	188	59	144	11	8	149	
212   	88	274	1324	946	1138	243	1315	
213   	772	193	2000	1204	680	604	473	
214   	1159	100	899	864	1064	884	59	
215   	302	445	451	257	168	369	375	
216   	1203	1337	1819	1274	652	2349	348	
217   	4730	4029	998	872	998	1126	921	
218   	802	46	535	211	204	618	781	
219   	1705	1759	162	1118	540	1293	435	
220   	847	640	628	442	223	683	92	
221   	1032	1716	606	721	774	108	1341	
222   	183	729	272	741	705	804	717	
223   	1696	1873	595	1661	595	496	1872	
224   	206	96	160	215	160	130	191	
225   	559	898	294	608	339	2	235	
226   	405	394	531	44	70	152	253	
227   	389	371	150	4	32	178	43	
228   	4124	2376	1024	2017	2017	1277	4079	
229   	2306	1669	1419	880	950	1735	523	
230   	23	60	62	142	6	65	4	
231   	909	2612	1948	1000	2023	2630	552	
232   	338	525	190	225	167	291	435	
233   	40	54	40	61	45	17	77	
234   	32	132	101	2	80	43	75	
235   	46	54	74	20	78	54	46	
236   	640	940	1368	1271	802	2125	2031	
237   	485	421	522	456	313	522	164	
238   	366	399	400	314	78	55	78	
239   	978	96	120	291	884	818	369	
240   	13	74	64	89	54	91	22	
241   	94	229	347	404	259	288	264	
242   	88	335	308	359	263	127	364	
243   	293	58	102	133	261	102	102	
244   	201	554	376	519	521	602	81	
245   	746	849	1704	1472	615	1310	859	
246   	661	352	1090	3458	219	84	563	
247   	181	234	162	111	162	149	497	
248   	65	121	146	39	451	402	56	
249   	20	72	47	46	119	3	46	
250   	534	220	497	560	497	288	13	
251   	188	353	137	279	279	73	187	
252   	152	67	70	146	70	67	205	
253   	349	151	349	298	61	710	109	
254   	258	387	198	53	198	328	198	
255   	319	348	271	258	184	76	179	
256   	118	71	13	11	112	134	117	
257   	272	38	284	130	295	297	295	
258   	127	172	55	78	184	93	237	
259   	406	375	119	134	94	194	384	
260   	58	73	40	80	57	80	12	
261   	2429	2613	714	197	2746	2920	1524	
262   	1330	701	600	458	1715	600	38	
263   	161	211	120	237	198	28	234	
264   	583	475	586	167	586	29	420	
265   	230	965	1568	1465	1518	439	974	
266   	1295	497	4125	2928	3020	2450	340	
267   	75	1507	1475	227	265	414	1660	
268   	317	276	310	158	310	347	105	
269   	207	492	11	388	541	339	311	
270   	1809	1328	2288	382	843	2272	1178	
271   	393	60	164	1025	1330	1823	1415	
272   	951	851	369	965	764	1366	1345	
273   	664	1209	955	1019	955	226	855	
274   	121	412	568	372	492	1041	568	
275   	2056	1538	1794	370	2141	2792	1512	
276   	626	545	65	31	485	335	65	
277   	800	1279	1081	802	802	842	341	
278   	1239	608	1323	566	1319	858	1435	
279   	763	1638	2072	1526	1668	2355	995	
280   	1103	659	972	231	1135	447	520	
281   	1254	336	2544	1939	1536	45	2393	
282   	621	636	253	117	19	334	159	
283   	605	280	4	759	860	1064	761	
284   	1759	820	1156	2070	296	899	1367	
285   	577	121	300	514	30	361	638	
286   	75	2412	2659	2701	2659	2038	173	
287   	1192	323	1387	660	258	465	467	
288   	535	437	97	1616	1122	1642	1054	
