1	32	1262
1	275	171
1	83	3605
1	212	1257
1	88	143
1	56	3069
1	217	1376
1	265	230
1	122	3241
1	287	1178
2	32	1349
2	35	248
2	84	2465
2	52	586
2	117	1550
2	134	3803
2	40	642
2	107	551
2	125	1286
2	31	2904
3	193	2631
3	84	342
3	117	342
3	261	65
3	6	3347
3	120	1779
3	40	750
3	217	2017
3	107	2152
3	157	790
4	100	914
4	118	301
4	166	2289
4	262	1502
4	231	239
4	103	839
4	107	1162
4	91	2405
4	31	427
4	111	1674
1,3	193	619,2631
1,3	114	81,1219
1,3	275	171,1424
1,3	117	306,342
1,3	6	2467,3347
1,3	118	375,1387
1,3	167	3399,98
1,3	104	63,3107
1,3	152	831,21
1,3	44	1044,1341
5	288	1215
5	98	792
5	228	113
5	148	1725
5	84	466
5	118	175
5	232	388
5	72	573
5	280	844
5	93	854
1,4	64	2196,454
1,4	98	1709,2530
1,4	20	3144,458
1,4	164	152,222
1,4	261	541,197
1,4	88	143,432
1,4	281	1263,829
1,4	10	1411,6919
1,4	159	2836,913
1,4	31	2957,427
2,3	228	2876,56
2,3	166	2209,1880
2,3	231	2226,2777
2,3	56	1194,1598
2,3	280	1249,226
2,3	91	3778,549
2,3	188	1614,526
2,3	206	1107,512
2,3	111	843,800
2,3	271	257,948
6	288	679
6	115	1586
6	100	2857
6	84	1447
6	118	271
6	134	3321
6	231	1535
6	107	760
6	93	1249
6	31	1637
1,5	1	9,2454
1,5	134	7012,6432
1,5	262	330,501
1,5	135	149,995
1,5	7	2047,2382
1,5	199	734,1405
1,5	266	2978,2330
1,5	91	1434,1240
1,5	43	309,3126
1,5	29	1450,720
2,4	161	1148,1947
2,4	65	562,135
2,4	83	6540,6132
2,4	36	203,706
2,4	118	1764,301
2,4	214	692,762
2,4	103	910,839
2,4	217	981,872
2,4	266	191,1511
2,4	270	388,947
7	274	88
7	114	613
7	83	7056
7	20	473
7	229	542
7	199	1384
7	152	859
7	10	5520
7	266	687
7	44	3632
1,6	98	1709,1357
1,6	83	3605,1661
1,6	52	1207,225
1,6	228	2689,2052
1,6	148	460,234
1,6	84	5426,1447
1,6	103	463,680
1,6	217	1376,1390
1,6	10	1411,462
1,6	206	348,1371
2,5	64	509,223
2,5	98	3162,792
2,5	115	1667,1476
2,5	51	1389,406
2,5	100	3436,2196
2,5	196	2764,2025
2,5	246	2590,875
2,5	281	2393,1252
2,5	10	1924,1222
2,5	219	2037,540
1,7	272	868,552
1,7	18	909,1844
1,7	149	551,1977
1,7	5	2409,478
1,7	135	149,1421
1,7	122	3241,2001
1,7	283	1945,76
1,7	63	244,1069
1,7	95	1888,2466
1,7	159	2836,1791
2,6	193	2725,1529
2,6	180	487,98
2,6	6	1854,17
2,6	7	343,1150
2,6	72	1790,561
2,6	153	247,5
2,6	91	3778,462
2,6	29	260,1054
2,6	79	291,2208
2,6	47	960,859
3,6	64	1693,1796
3,6	116	931,805
3,6	117	342,376
3,6	262	619,451
3,6	167	98,436
3,6	280	226,139
3,6	185	686,1612
3,6	61	552,720
3,6	78	730,808
3,6	286	1873,1768
2,7	272	1318,552
2,7	1	2174,2692
2,7	114	2440,613
2,7	149	1770,1977
2,7	117	1550,60
2,7	55	106,1030
2,7	88	1639,1569
2,7	104	104,167
2,7	189	203,1223
2,7	30	32,556
3,7	32	1257,3164
3,7	193	2631,3347
3,7	84	342,4429
3,7	228	56,224
3,7	134	2770,2562
3,7	56	1598,5029
3,7	122	3478,2001
3,7	236	1766,1543
3,7	189	483,1223
3,7	287	519,1068
4,6	19	449,496
4,6	51	799,410
4,6	196	741,1444
4,6	36	706,613
4,6	198	1173,132
4,6	166	2289,658
4,6	56	1397,3968
4,6	105	1080,1229
4,6	281	829,1606
4,6	111	1674,926
1,3,6	80	2336,429,469
1,3,6	1	9,2114,853
1,3,6	261	541,65,2763
1,3,6	120	1253,1779,1721
1,3,6	266	2978,3817,2670
1,3,6	107	868,2152,760
1,3,6	172	457,718,337
1,3,6	15	2818,1901,531
1,3,6	79	1391,2556,2208
1,3,6	31	2957,1957,1637
4,7	213	184,21
4,7	245	1111,912
4,7	246	771,2959
4,7	134	1160,2562
4,7	167	1290,1282
4,7	152	1424,859
4,7	216	570,348
4,7	171	1984,405
4,7	284	65,410
4,7	286	2744,1373
5,6	225	383,85
5,6	83	582,1661
5,6	52	877,225
5,6	44	1100,104
5,6	76	34,1458
5,6	92	39,56
5,6	237	575,380
5,6	221	808,837
5,6	190	471,1039
5,6	142	324,39
1,3,7	80	2336,429,1138
1,3,7	208	147,858,347
1,3,7	162	1162,1535,276
1,3,7	275	171,1424,3088
1,3,7	6	2467,3347,351
1,3,7	279	893,393,2695
1,3,7	43	309,257,651
1,3,7	44	1044,1341,3632
1,3,7	270	372,1697,500
1,3,7	127	1054,1054,867
1,4,6	193	619,4727,1529
1,4,6	114	81,1884,3843
1,4,6	165	2233,116,324
1,4,6	229	915,2596,65
1,4,6	199	734,1493,31
1,4,6	41	1016,1633,1432
1,4,6	284	177,65,432
1,4,6	157	1219,2188,2335
1,4,6	62	949,345,1741
1,4,6	158	285,579,862
2,3,6	288	1458,1050,679
2,3,6	148	1043,1351,234
2,3,6	118	1764,1387,271
2,3,6	23	381,844,58
2,3,6	72	1790,1230,561
2,3,6	89	208,369,103
2,3,6	250	572,41,297
2,3,6	95	2574,1495,661
2,3,6	159	2294,2966,1543
2,3,6	15	913,1901,531
5,7	32	866,3164
5,7	83	582,7056
5,7	4	1679,1989
5,7	167	2354,1282
5,7	199	1405,1384
5,7	217	4851,775
5,7	283	71,76
5,7	75	988,373
5,7	29	720,1673
5,7	271	1214,272
1,4,7	195	1081,684,1029
1,4,7	275	171,1826,3088
1,4,7	84	5426,1407,4429
1,4,7	7	2047,1429,2317
1,4,7	71	342,1049,997
1,4,7	104	63,795,167
1,4,7	267	742,1177,815
1,4,7	27	174,433,3124
1,4,7	63	244,414,1069
1,4,7	223	487,1074,2089
1,5,6	128	417,501,190
1,5,6	65	752,538,1161
1,5,6	129	817,231,906
1,5,6	210	46,1168,152
1,5,6	117	306,2053,376
1,5,6	103	463,1886,680
1,5,6	216	22,589,2056
1,5,6	153	1282,317,5
1,5,6	91	1434,1240,462
1,5,6	206	348,1607,1371
2,3,7	98	3162,497,3618
2,3,7	52	586,6,964
2,3,7	261	845,65,1375
2,3,7	279	1092,393,2695
2,3,7	88	1639,887,1569
2,3,7	10	1924,6780,5520
2,3,7	43	3367,257,651
2,3,7	221	795,1190,249
2,3,7	95	2574,1495,2466
2,3,7	159	2294,2966,1791
2,4,6	228	2876,3178,2052
2,4,6	100	3436,914,2857
2,4,6	185	1581,1383,1612
2,4,6	122	2238,681,1482
2,4,6	219	2037,1118,1857
2,4,6	27	1352,433,420
2,4,6	172	48,1536,337
2,4,6	205	28,292,633
2,4,6	62	177,345,1741
2,4,6	31	2904,427,1637
1,5,7	193	619,2082,3347
1,5,7	162	1162,1117,276
1,5,7	115	2235,1476,1354
1,5,7	20	3144,1685,473
1,5,7	152	831,1738,859
1,5,7	58	1006,33,713
1,5,7	45	225,1078,131
1,5,7	157	1219,1509,22
1,5,7	223	487,1206,2089
1,5,7	79	1391,1580,1624
2,4,7	192	592,497,860
2,4,7	48	1099,775,471
2,4,7	18	1084,94,1844
2,4,7	5	110,1114,478
2,4,7	70	79,901,721
2,4,7	6	1854,2773,351
2,4,7	71	14,1049,997
2,4,7	24	269,370,459
2,4,7	266	191,1511,687
2,4,7	286	977,2744,1373
2,5,6	128	117,501,190
2,5,6	129	1007,231,906
2,5,6	226	7,226,171
2,5,6	275	2636,2970,1705
2,5,6	244	126,299,99
2,5,6	277	1215,865,1050
2,5,6	261	845,76,2763
2,5,6	247	520,86,191
2,5,6	106	786,680,852
2,5,6	47	960,23,859
2,5,7	80	456,1621,1138
2,5,7	36	203,2456,1619
2,5,7	5	110,1143,478
2,5,7	151	929,1073,919
2,5,7	7	343,2382,2317
2,5,7	171	39,1001,405
2,5,7	44	117,1100,3632
2,5,7	236	1494,1724,1543
2,5,7	95	2574,490,2466
2,5,7	223	1838,1206,2089
