L            	HA	LA	CO	BA	FR	GM	BM
able cry     	4,349	0,000	0,000	0,000	0,000	0,000	0,000	
admire be    	0,000	0,000	0,000	0,000	0,000	2,438	0,000	
adult kid    	0,000	0,000	0,000	2,215	0,000	0,000	0,000	
amazing animation	0,000	0,000	0,000	5,205	0,000	0,000	0,000	
animated feature	0,000	0,000	0,000	2,732	0,000	0,000	0,000	
animated film	0,000	0,000	0,000	2,444	0,000	0,000	0,000	
animation movie	0,000	0,000	0,000	3,103	0,000	0,000	0,000	
attention detail	6,172	0,000	0,000	0,000	0,000	0,000	0,000	
awkward scene	0,000	0,000	0,000	0,000	0,000	6,177	0,000	
bad day      	0,000	0,000	0,000	0,000	0,000	0,000	3,550	
bad mood     	0,000	0,000	0,000	0,000	0,000	0,000	11,662	
bad person   	0,000	0,000	0,000	0,000	0,000	0,000	4,118	
be absorb    	6,621	0,000	0,000	0,000	0,000	0,000	0,000	
be admire    	0,000	0,000	0,000	0,000	4,791	0,000	0,000	
be adorable  	0,000	0,000	0,000	8,443	0,000	8,443	0,000	
be adventure 	0,000	0,000	0,000	7,820	0,000	0,000	0,000	
be adventurous	0,000	0,000	0,000	3,386	0,000	0,000	0,000	
be advise    	0,000	0,000	0,000	0,000	10,969	0,000	0,000	
be affection 	0,000	0,000	0,000	0,000	5,628	0,000	0,000	
be ambitious 	4,400	0,000	0,000	0,000	0,000	0,000	0,000	
be angry     	0,000	0,000	0,000	0,000	0,000	0,000	10,409	
be animated  	0,000	0,000	0,000	9,104	0,000	0,000	0,000	
be animation 	0,000	0,000	0,000	3,194	0,000	0,000	0,000	
be appreciate	0,000	0,000	0,000	0,000	0,000	6,720	0,000	
be argue     	0,000	0,000	0,000	0,000	0,000	0,000	3,319	
be assist    	0,000	0,000	0,000	0,000	5,242	0,000	0,000	
be attract   	0,000	0,000	3,112	0,000	0,000	0,000	0,000	
be baby      	0,000	0,000	0,000	4,935	0,000	0,000	0,000	
be bad       	0,000	0,000	0,000	0,000	0,000	0,000	2,459	
be beauty    	0,000	0,000	4,242	0,000	0,000	0,000	0,000	
be bitter    	0,000	0,000	0,000	0,000	0,000	0,000	3,550	
be bloody    	0,000	0,000	0,000	0,000	0,000	0,000	4,705	
be break     	0,000	0,000	0,000	0,000	0,000	0,000	2,974	
be brilliant 	0,000	0,000	0,000	0,000	0,000	1,768	0,000	
be brother   	0,000	0,000	0,000	0,000	4,599	0,000	0,000	
be calm      	0,000	8,377	0,000	0,000	0,000	0,000	0,000	
be captivate 	4,207	0,000	4,207	0,000	0,000	0,000	0,000	
be capture   	11,136	0,000	0,000	0,000	0,000	0,000	0,000	
be care      	0,000	0,000	0,000	0,000	9,790	0,000	0,000	
be careful   	8,261	0,000	0,000	0,000	0,000	0,000	0,000	
be cartoon   	0,000	0,000	0,000	5,627	0,000	6,431	0,000	
be celebrate 	0,000	0,000	0,000	0,000	0,000	5,002	0,000	
be child     	0,000	0,000	0,000	9,030	0,000	0,000	0,000	
be childhood 	0,000	0,000	0,000	4,807	0,000	3,205	0,000	
be chill     	0,000	4,130	0,000	0,000	0,000	0,000	0,000	
be clear     	0,000	4,193	0,000	0,000	0,000	0,000	0,000	
be cold      	0,000	0,000	0,000	0,000	0,000	0,000	8,336	
be comedian  	0,000	0,000	0,000	0,000	0,000	3,752	0,000	
be comedy    	0,000	0,000	0,000	0,000	0,000	3,895	0,000	
be comic     	0,000	2,468	0,000	0,000	0,000	6,786	0,000	
be company   	0,000	0,000	0,000	0,000	9,042	0,000	0,000	
be complex   	7,280	0,000	0,000	0,000	0,000	0,000	0,000	
be concentrate	3,656	0,000	0,000	0,000	0,000	0,000	0,000	
be concerned 	0,000	0,000	0,000	0,000	7,161	0,000	0,000	
be confuse   	9,219	0,000	0,000	0,000	0,000	0,000	0,000	
be couple    	0,000	0,000	10,357	0,000	0,000	0,000	0,000	
be crazy     	0,000	0,000	0,000	0,000	0,000	4,263	0,000	
be creepy    	0,000	0,000	0,000	0,000	0,000	0,000	2,792	
be cruel     	0,000	0,000	0,000	0,000	0,000	0,000	10,851	
be cry       	0,000	0,000	0,000	0,000	4,823	0,000	2,412	
be curious   	0,000	0,000	0,000	2,876	0,000	0,000	0,000	
be cute      	0,000	0,000	7,720	1,782	0,000	0,000	0,000	
be dad       	0,000	0,000	0,000	1,991	0,000	0,000	0,000	
be dark      	0,000	0,000	0,000	0,000	0,000	0,000	6,876	
be dead      	0,000	0,000	0,000	0,000	0,000	0,000	2,857	
be deep      	7,539	0,000	10,052	0,000	0,000	0,000	0,000	
be delicate  	0,000	3,263	0,000	0,000	0,000	0,000	0,000	
be delight   	0,000	0,000	0,000	0,000	0,000	8,044	0,000	
be depressing	0,000	0,000	0,000	0,000	0,000	0,000	4,956	
be difficult 	10,647	0,000	0,000	0,000	0,000	0,000	0,000	
be direct    	0,000	6,511	0,000	0,000	0,000	0,000	0,000	
be dishonest 	0,000	0,000	0,000	0,000	0,000	0,000	4,349	
be distract  	0,000	9,913	0,000	0,000	0,000	0,000	0,000	
be disturbing	0,000	0,000	0,000	0,000	0,000	0,000	8,423	
be dramatic  	0,000	0,000	0,000	0,000	0,000	0,000	11,464	
be dream     	0,000	0,000	0,000	1,630	0,000	0,000	0,000	
be drunk     	0,000	0,000	0,000	0,000	0,000	0,000	4,956	
be easy      	0,000	5,970	0,000	0,000	0,000	0,000	0,000	
be educational	4,692	3,128	0,000	3,128	0,000	0,000	0,000	
be emotional 	0,000	0,000	10,141	0,000	0,000	0,000	0,000	
be encourage 	0,000	0,000	0,000	0,000	5,170	0,000	0,000	
be energy    	0,000	0,000	0,000	0,000	0,000	5,719	0,000	
be engage    	1,967	0,000	0,000	0,000	0,000	0,000	0,000	
be engaging  	5,820	0,000	0,000	0,000	0,000	0,000	0,000	
be enigmatic 	8,377	0,000	0,000	0,000	0,000	0,000	0,000	
be enjoy     	0,000	0,000	0,000	0,000	0,000	4,958	0,000	
be enjoyable 	0,000	5,146	0,000	0,000	0,000	0,000	0,000	
be entertaining	0,000	2,759	0,000	0,000	2,759	0,000	0,000	
be evil      	0,000	0,000	0,000	0,000	0,000	0,000	3,045	
be excite    	0,000	0,000	0,000	0,000	0,000	3,812	0,000	
be exciting  	0,000	0,000	0,000	0,000	0,000	6,802	0,000	
be exhaust   	5,425	0,000	0,000	0,000	0,000	0,000	0,000	
be express   	0,000	0,000	0,000	0,000	3,052	0,000	0,000	
be extraordinary	0,000	0,000	0,000	0,000	0,000	2,498	0,000	
be fabulous  	0,000	0,000	0,000	0,000	0,000	6,187	0,000	
be fairy     	0,000	0,000	0,000	5,572	0,000	0,000	0,000	
be faith     	0,000	0,000	0,000	0,000	8,875	0,000	0,000	
be faithful  	0,000	0,000	0,000	0,000	10,717	0,000	0,000	
be false     	0,000	0,000	0,000	0,000	0,000	0,000	8,674	
be family    	0,000	0,000	0,000	2,489	0,000	0,000	0,000	
be fantasy   	0,000	0,000	0,000	2,251	0,000	6,003	0,000	
be fascinating	0,000	0,000	8,873	0,000	0,000	2,218	0,000	
be fast      	0,000	2,709	0,000	0,000	0,000	0,000	0,000	
be fight     	0,000	0,000	0,000	0,000	0,000	0,000	7,967	
be focus     	8,286	0,000	0,000	0,000	0,000	0,000	0,000	
be forgive   	0,000	0,000	0,000	0,000	4,823	0,000	0,000	
be friend    	0,000	0,000	0,000	0,000	8,261	0,000	0,000	
be friendship	0,000	0,000	0,000	0,000	7,842	0,000	0,000	
be fun       	0,000	5,440	0,000	0,000	4,533	4,261	0,000	
be funny     	0,000	4,289	0,000	1,287	5,146	3,602	0,000	
be generous  	0,000	0,000	0,000	0,000	9,493	0,000	0,000	
be gentle    	0,000	6,808	0,000	0,000	0,000	0,000	0,000	
be girlfriend	0,000	0,000	3,494	0,000	0,000	0,000	0,000	
be grace     	0,000	0,000	0,000	0,000	0,000	5,634	0,000	
be graphic   	0,000	0,000	0,000	5,584	0,000	0,000	0,000	
be grateful  	0,000	0,000	0,000	0,000	0,000	8,905	0,000	
be grow      	0,000	0,000	0,000	6,843	0,000	0,000	0,000	
be guide     	0,000	0,000	0,000	0,000	5,170	0,000	0,000	
be guilty    	0,000	0,000	0,000	0,000	0,000	0,000	9,913	
be happiness 	0,000	0,000	0,000	2,776	0,000	8,327	0,000	
be happy     	0,000	0,000	0,000	1,475	0,000	9,343	0,000	
be heart     	0,000	0,000	2,405	0,000	0,000	0,000	0,000	
be help      	0,000	0,000	0,000	0,000	6,898	0,000	0,000	
be hero      	0,000	0,000	0,000	4,651	0,000	0,000	0,000	
be hilarious 	0,000	2,042	0,000	2,042	0,000	9,187	0,000	
be history   	2,094	0,000	0,000	0,000	0,000	0,000	0,000	
be hit       	0,000	0,000	0,000	0,000	0,000	0,000	2,705	
be holiday   	0,000	0,000	0,000	3,405	0,000	0,000	0,000	
be honest    	0,000	0,000	0,000	0,000	5,989	0,000	0,000	
be hot       	0,000	0,000	4,980	0,000	0,000	0,000	0,000	
be husband   	0,000	0,000	3,045	0,000	0,000	0,000	0,000	
be imagination	0,000	0,000	0,000	6,115	0,000	0,000	0,000	
be innocent  	0,000	0,000	0,000	2,897	0,000	0,000	0,000	
be inspirational	4,237	0,000	0,000	0,000	0,000	0,000	0,000	
be instant   	0,000	2,821	0,000	0,000	0,000	0,000	0,000	
be intimate  	0,000	0,000	3,032	0,000	0,000	0,000	0,000	
be intricate 	4,539	0,000	0,000	0,000	0,000	0,000	0,000	
be intuitive 	0,000	3,887	0,000	0,000	0,000	0,000	0,000	
be ironic    	0,000	0,000	0,000	0,000	0,000	7,990	0,000	
be joy       	0,000	3,901	0,000	3,511	0,000	8,061	0,000	
be joyful    	0,000	0,000	0,000	0,000	0,000	2,686	0,000	
be kid       	0,000	0,000	0,000	4,709	0,000	0,000	0,000	
be kind      	0,000	0,000	0,000	0,000	0,000	6,200	0,000	
be kiss      	0,000	0,000	5,484	0,000	0,000	0,000	0,000	
be laugh     	0,000	0,000	0,000	0,000	0,000	9,145	0,000	
be lie       	0,000	0,000	0,000	0,000	0,000	0,000	7,211	
be light     	0,000	2,707	0,000	0,000	0,000	0,000	0,000	
be linear    	0,000	9,380	0,000	0,000	0,000	0,000	0,000	
be love      	0,000	0,000	8,044	1,508	0,000	4,022	0,000	
be lovely    	0,000	0,000	0,000	0,000	0,000	10,118	0,000	
be lover     	0,000	0,000	3,164	0,000	0,000	0,000	0,000	
be loyal     	0,000	0,000	0,000	0,000	9,156	0,000	0,000	
be magic     	0,000	0,000	0,000	8,758	0,000	0,000	0,000	
be magical   	0,000	0,000	0,000	5,332	0,000	0,000	0,000	
be mean      	5,007	0,000	0,000	0,000	0,000	0,000	6,259	
be metaphor  	2,340	0,000	0,000	0,000	0,000	0,000	0,000	
be miserable 	0,000	0,000	0,000	0,000	0,000	0,000	5,831	
be mom       	0,000	0,000	0,000	2,113	0,000	0,000	0,000	
be musical   	0,000	0,000	0,000	4,126	0,000	0,000	0,000	
be mutual    	0,000	0,000	0,000	0,000	5,628	0,000	0,000	
be mystery   	2,193	0,000	0,000	0,000	0,000	0,000	0,000	
be mystical  	0,000	0,000	0,000	3,701	0,000	0,000	0,000	
be night     	0,000	3,251	0,000	0,000	0,000	0,000	0,000	
be obvious   	0,000	6,817	0,000	0,000	0,000	0,000	0,000	
be offend    	0,000	0,000	0,000	0,000	0,000	0,000	4,761	
be original  	3,214	0,000	0,000	0,000	0,000	0,000	0,000	
be partner   	0,000	0,000	3,887	0,000	0,000	0,000	0,000	
be passion   	0,000	0,000	5,026	0,000	0,000	0,000	0,000	
be passionate	0,000	0,000	3,014	0,000	0,000	0,000	0,000	
be peace     	0,000	6,669	0,000	0,000	0,000	3,335	0,000	
be peaceful  	0,000	3,521	0,000	0,000	0,000	0,000	0,000	
be plain     	0,000	7,333	0,000	0,000	0,000	0,000	0,000	
be pleasant  	0,000	9,409	0,000	0,000	0,000	0,000	0,000	
be please    	0,000	0,000	0,000	0,000	0,000	2,547	0,000	
be pleased   	0,000	0,000	0,000	0,000	0,000	6,115	0,000	
be pleasure  	0,000	0,000	0,000	0,000	0,000	9,599	0,000	
be powerful  	0,000	0,000	2,008	0,000	0,000	0,000	0,000	
be predictable	0,000	2,186	0,000	0,000	0,000	0,000	0,000	
be profound  	9,708	0,000	5,547	0,000	0,000	0,000	0,000	
be proud     	0,000	0,000	0,000	3,744	0,000	0,000	0,000	
be pure      	0,000	0,000	3,382	0,000	0,000	0,000	0,000	
be quiet     	0,000	2,724	0,000	0,000	0,000	0,000	0,000	
be raw       	0,000	0,000	0,000	0,000	0,000	0,000	4,227	
be real      	0,000	0,000	0,000	0,000	1,839	0,000	0,000	
be relationship	0,000	0,000	4,429	0,000	0,000	0,000	0,000	
be relax     	0,000	11,132	0,000	0,000	0,000	6,850	0,000	
be reliable  	0,000	0,000	0,000	0,000	10,969	0,000	0,000	
be rely      	0,000	0,000	0,000	0,000	5,484	0,000	0,000	
be romance   	0,000	0,000	4,352	0,000	0,000	0,000	0,000	
be romantic  	0,000	0,000	9,204	0,000	0,000	0,000	0,000	
be rude      	0,000	0,000	0,000	0,000	0,000	0,000	10,690	
be sad       	0,000	0,000	0,000	0,000	0,000	0,000	7,806	
be scare     	0,000	0,000	0,000	0,000	0,000	0,000	2,808	
be scared    	0,000	0,000	0,000	0,000	0,000	0,000	3,263	
be seductive 	0,000	0,000	5,107	0,000	0,000	0,000	0,000	
be selfish   	0,000	0,000	0,000	0,000	0,000	0,000	9,042	
be sensual   	0,000	0,000	5,107	0,000	0,000	0,000	0,000	
be sentimental	0,000	0,000	9,264	0,000	0,000	0,000	0,000	
be sexual    	0,000	0,000	5,026	0,000	0,000	0,000	0,000	
be sexy      	0,000	0,000	6,767	0,000	0,000	0,000	0,000	
be shameful  	0,000	0,000	0,000	0,000	0,000	0,000	6,177	
be share     	0,000	0,000	0,000	0,000	2,948	0,000	0,000	
be shine     	0,000	0,000	0,000	0,000	0,000	4,333	0,000	
be shocking  	0,000	0,000	0,000	0,000	0,000	0,000	4,143	
be silly     	0,000	0,000	0,000	0,000	0,000	0,000	6,039	
be simple    	0,000	11,557	0,000	0,000	0,000	0,000	0,000	
be sincere   	0,000	0,000	0,000	0,000	9,310	3,103	0,000	
be smart     	2,336	0,000	0,000	0,000	0,000	0,000	0,000	
be smile     	0,000	0,000	0,000	6,669	0,000	2,501	0,000	
be smooth    	0,000	2,996	0,000	0,000	0,000	0,000	0,000	
be soft      	0,000	8,736	0,000	0,000	0,000	0,000	0,000	
be son       	0,000	0,000	0,000	2,872	0,000	0,000	0,000	
be soulmate  	0,000	0,000	5,831	0,000	0,000	0,000	0,000	
be struggle  	0,000	0,000	0,000	0,000	0,000	0,000	4,558	
be student   	0,000	0,000	0,000	3,368	0,000	0,000	0,000	
be success   	0,000	0,000	0,000	0,000	0,000	2,861	0,000	
be superhero 	0,000	0,000	0,000	2,824	0,000	0,000	0,000	
be support   	0,000	0,000	0,000	0,000	4,053	0,000	0,000	
be sweet     	0,000	0,000	2,410	1,808	0,000	9,039	0,000	
be tale      	0,000	0,000	0,000	5,670	0,000	0,000	0,000	
be teen      	0,000	0,000	0,000	0,000	9,870	6,580	0,000	
be teenager  	0,000	0,000	0,000	1,772	0,000	0,000	0,000	
be tender    	0,000	7,665	0,000	5,365	0,000	7,665	0,000	
be terrible  	0,000	0,000	0,000	0,000	0,000	0,000	3,128	
be thief     	0,000	0,000	0,000	0,000	0,000	0,000	10,851	
be thrilling 	0,000	0,000	0,000	0,000	0,000	0,000	2,618	
be tire      	0,000	4,840	0,000	0,000	0,000	0,000	0,000	
be touch     	0,000	0,000	4,831	0,000	2,415	0,000	0,000	
be tough     	0,000	0,000	0,000	0,000	0,000	0,000	3,945	
be toy       	0,000	0,000	0,000	3,251	0,000	0,000	0,000	
be triumph   	0,000	0,000	0,000	0,000	0,000	2,846	0,000	
be trust     	0,000	0,000	2,489	0,000	8,298	0,000	0,000	
be unpredictable	11,938	0,000	0,000	0,000	0,000	0,000	0,000	
be victim    	0,000	0,000	0,000	0,000	0,000	0,000	3,470	
be villain   	0,000	0,000	0,000	0,000	0,000	0,000	4,667	
be violence  	0,000	0,000	0,000	0,000	0,000	0,000	8,261	
be violent   	0,000	0,000	0,000	0,000	0,000	0,000	11,014	
be war       	0,000	0,000	0,000	0,000	0,000	0,000	8,594	
be wife      	0,000	0,000	2,996	0,000	0,000	0,000	0,000	
be win       	0,000	0,000	0,000	0,000	0,000	2,662	0,000	
be witty     	0,000	0,000	0,000	0,000	0,000	5,163	0,000	
be young     	0,000	0,000	0,000	7,579	0,000	0,000	0,000	
be youth     	0,000	0,000	0,000	2,776	0,000	0,000	0,000	
beautiful adventure	0,000	0,000	0,000	6,524	0,000	0,000	0,000	
beautiful animated	0,000	0,000	0,000	6,177	0,000	0,000	0,000	
beautiful couple	0,000	0,000	5,975	0,000	0,000	0,000	0,000	
beautiful effective	0,000	0,000	0,000	0,000	0,000	0,000	5,975	
beautiful evocative	0,000	0,000	6,177	0,000	0,000	0,000	0,000	
beautiful funny	0,000	0,000	0,000	0,000	5,002	0,000	0,000	
beautiful landscape	0,000	10,215	0,000	0,000	0,000	0,000	0,000	
beautiful location	0,000	9,957	0,000	0,000	0,000	0,000	0,000	
beautiful princess	0,000	0,000	0,000	5,242	0,000	0,000	0,000	
beautiful sentimental	0,000	0,000	6,524	0,000	0,000	0,000	0,000	
beauty nature	0,000	10,969	0,000	0,000	0,000	0,000	0,000	
believable romance	0,000	0,000	5,975	0,000	0,000	0,000	0,000	
best friend  	0,000	0,000	0,000	0,000	7,097	0,000	0,000	
big brother  	0,000	0,000	0,000	5,138	0,000	0,000	0,000	
big dream    	0,000	0,000	0,000	7,626	0,000	0,000	0,000	
brain teaser 	4,118	0,000	0,000	0,000	0,000	0,000	0,000	
break heart  	0,000	0,000	8,758	0,000	0,000	0,000	0,000	
breathtaking landscape	4,118	0,000	0,000	0,000	0,000	0,000	0,000	
breathtaking scene	3,617	0,000	0,000	0,000	0,000	0,000	0,000	
calm relax   	0,000	4,349	0,000	0,000	0,000	0,000	0,000	
calm serene  	0,000	4,118	0,000	0,000	0,000	0,000	0,000	
calming voice	0,000	6,177	0,000	0,000	0,000	0,000	0,000	
capture attention	10,506	0,000	0,000	0,000	0,000	0,000	0,000	
capture emotion	3,263	0,000	0,000	0,000	0,000	0,000	0,000	
capture heart	0,000	0,000	2,948	0,000	0,000	0,000	0,000	
cause pain   	0,000	0,000	0,000	0,000	0,000	0,000	6,177	
celebrate life	0,000	0,000	0,000	0,000	0,000	9,718	0,000	
change life  	2,740	0,000	0,000	0,000	0,000	0,000	0,000	
change perception	3,656	0,000	0,000	0,000	0,000	0,000	0,000	
chase dream  	0,000	0,000	0,000	3,582	0,000	0,000	0,000	
chemistry moment	0,000	0,000	6,524	6,524	0,000	0,000	0,000	
child imagination	0,000	0,000	0,000	3,813	0,000	0,000	0,000	
child learn  	0,000	0,000	0,000	10,052	0,000	0,000	0,000	
child thing  	0,000	0,000	0,000	6,524	0,000	0,000	0,000	
childhood be 	0,000	0,000	0,000	0,000	0,000	4,746	0,000	
childhood memory	0,000	0,000	0,000	3,073	0,000	0,000	0,000	
close attention	5,876	0,000	0,000	0,000	0,000	0,000	0,000	
close heart  	0,000	0,000	5,170	0,000	0,000	0,000	0,000	
cold blood   	0,000	0,000	0,000	0,000	0,000	0,000	10,104	
come true    	0,000	0,000	2,762	0,000	0,000	0,000	0,000	
comedy movie 	0,000	0,000	0,000	0,000	0,000	4,414	0,000	
comic act    	0,000	0,000	0,000	0,000	0,000	6,524	0,000	
comic moment 	0,000	0,000	0,000	0,000	9,752	4,876	0,000	
comic scene  	0,000	0,000	0,000	0,000	0,000	5,484	0,000	
complex character	2,839	0,000	0,000	0,000	0,000	0,000	0,000	
complex engage	4,349	0,000	0,000	0,000	0,000	0,000	0,000	
complex engaging	3,983	0,000	0,000	0,000	0,000	0,000	0,000	
complex message	5,975	0,000	0,000	0,000	0,000	0,000	0,000	
complex plot 	9,411	0,000	0,000	0,000	0,000	0,000	0,000	
complex puzzle	6,524	0,000	0,000	0,000	0,000	0,000	0,000	
complex story	3,002	0,000	0,000	0,000	0,000	0,000	0,000	
complex storyline	5,994	0,000	0,000	0,000	0,000	0,000	0,000	
complex watch	7,207	0,000	0,000	0,000	0,000	0,000	0,000	
complex world	3,582	0,000	0,000	0,000	0,000	0,000	0,000	
conversation real	4,118	0,000	0,000	0,000	0,000	0,000	0,000	
couple love  	0,000	0,000	5,425	0,000	0,000	0,000	0,000	
crazy comedy 	0,000	0,000	0,000	0,000	0,000	6,177	0,000	
create problem	0,000	0,000	0,000	0,000	0,000	0,000	6,524	
cruelty life 	0,000	0,000	0,000	0,000	0,000	0,000	6,524	
cute couple  	0,000	0,000	5,831	0,000	0,000	0,000	0,000	
date movie   	0,000	0,000	2,938	0,000	0,000	0,000	0,000	
death be     	0,000	0,000	0,000	0,000	0,000	0,000	2,814	
deep complex 	9,042	0,000	0,000	0,000	0,000	0,000	0,000	
deep connection	0,000	0,000	5,373	0,000	0,000	0,000	0,000	
deep emotion 	0,000	0,000	8,736	0,000	0,000	0,000	0,000	
deep intricate	8,699	0,000	0,000	0,000	0,000	0,000	0,000	
deep meaning 	6,072	0,000	0,000	0,000	0,000	0,000	0,000	
deep romantic	0,000	0,000	3,983	0,000	0,000	0,000	0,000	
deep understanding	5,425	0,000	0,000	0,000	0,000	0,000	0,000	
defeat enemy 	0,000	0,000	0,000	0,000	0,000	0,000	6,177	
delight eye  	2,776	0,000	0,000	0,000	0,000	5,551	0,000	
depth look   	4,680	0,000	0,000	0,000	0,000	0,000	0,000	
depth relationship	3,983	0,000	0,000	0,000	0,000	0,000	0,000	
deserve die  	0,000	0,000	0,000	0,000	0,000	0,000	5,975	
desire love  	0,000	0,000	2,776	0,000	0,000	0,000	0,000	
difficult film	3,701	0,000	0,000	0,000	0,000	0,000	0,000	
difficult understand	9,532	0,000	0,000	0,000	0,000	0,000	0,000	
do wrong     	0,000	0,000	0,000	0,000	0,000	0,000	5,170	
dramatic landscape	0,000	0,000	0,000	0,000	0,000	0,000	6,524	
dramatic situation	0,000	0,000	0,000	0,000	0,000	0,000	5,719	
dream kid    	0,000	0,000	0,000	4,349	0,000	0,000	0,000	
dream life   	0,000	0,000	3,656	0,000	0,000	0,000	0,000	
dream movie  	0,000	0,000	5,325	5,325	0,000	0,000	0,000	
dream sequence	0,000	0,000	0,000	3,096	0,000	0,000	0,000	
dreamy kiss  	0,000	0,000	4,349	0,000	0,000	0,000	0,000	
easy follow  	0,000	6,987	0,000	0,000	0,000	0,000	0,000	
easy understand	0,000	9,264	0,000	0,000	0,000	0,000	0,000	
easy watch   	0,000	9,097	0,000	0,000	0,000	0,000	0,000	
emotion passion	0,000	0,000	3,582	0,000	0,000	0,000	0,000	
emotional desire	0,000	0,000	4,349	0,000	0,000	0,000	0,000	
enchant child	0,000	0,000	0,000	6,177	0,000	0,000	0,000	
energy be    	0,000	0,000	0,000	0,000	0,000	3,304	0,000	
engage plot  	6,673	0,000	0,000	0,000	0,000	0,000	0,000	
engage sad   	4,118	0,000	0,000	0,000	0,000	0,000	0,000	
engaging thriller	4,349	0,000	0,000	0,000	0,000	0,000	0,000	
enigmatic character	6,566	0,000	0,000	0,000	0,000	0,000	0,000	
enjoy life   	0,000	0,000	0,000	0,000	0,000	9,287	0,000	
entertaining movie	3,481	0,000	0,000	0,000	0,000	0,000	0,000	
epic scene   	3,582	0,000	0,000	0,000	0,000	0,000	0,000	
evocation primitive	0,000	0,000	6,524	0,000	0,000	0,000	0,000	
evoke memory 	0,000	0,000	0,000	3,752	0,000	0,000	0,000	
excellent study	0,000	0,000	0,000	3,813	0,000	0,000	0,000	
explosion color	0,000	0,000	0,000	4,349	0,000	0,000	0,000	
express feel 	0,000	0,000	6,524	0,000	0,000	0,000	0,000	
express passion	0,000	0,000	3,887	0,000	0,000	0,000	0,000	
fairy tale   	0,000	0,000	0,000	8,422	0,000	0,000	0,000	
fall love    	0,000	0,000	8,072	0,000	0,000	0,000	0,000	
family learn 	0,000	0,000	0,000	5,282	0,000	0,000	0,000	
family love  	0,000	0,000	0,000	2,558	0,000	0,000	0,000	
family movie 	0,000	0,000	0,000	2,339	0,000	0,000	0,000	
fantasy comedy	0,000	0,000	0,000	0,000	0,000	6,177	0,000	
fantasy reality	0,000	0,000	0,000	5,170	0,000	5,170	0,000	
fast pace    	0,000	2,876	0,000	0,000	0,000	0,000	0,000	
favorite cartoon	0,000	0,000	0,000	3,701	0,000	0,000	0,000	
fear be      	0,000	0,000	0,000	0,000	0,000	0,000	2,811	
feel alive   	0,000	0,000	0,000	0,000	0,000	5,138	0,000	
feel bad     	0,000	0,000	0,000	0,000	0,000	0,000	10,563	
feel connection	0,000	0,000	5,484	0,000	0,000	0,000	0,000	
feel emotion 	4,632	0,000	9,264	0,000	0,000	0,000	0,000	
feel frustration	0,000	0,000	0,000	0,000	0,000	0,000	6,177	
feel good    	0,000	0,000	1,764	0,000	0,000	9,409	0,000	
feel guilty  	0,000	0,000	0,000	0,000	0,000	0,000	5,719	
feel lonely  	0,000	0,000	0,000	0,000	0,000	0,000	6,524	
feel pain    	0,000	0,000	0,000	0,000	0,000	0,000	9,059	
feel passion 	0,000	0,000	3,582	0,000	0,000	0,000	0,000	
feel thing   	0,000	0,000	7,626	0,000	0,000	0,000	0,000	
feel touch   	0,000	0,000	5,138	0,000	0,000	0,000	0,000	
feel true    	0,000	0,000	0,000	3,582	0,000	0,000	0,000	
fight be     	0,000	0,000	0,000	0,000	0,000	0,000	3,566	
fight blood  	0,000	0,000	0,000	0,000	0,000	0,000	4,118	
fight fear   	0,000	0,000	0,000	0,000	0,000	0,000	6,177	
fight scene  	0,000	0,000	0,000	0,000	0,000	0,000	5,581	
film clear   	0,000	6,177	0,000	0,000	0,000	0,000	0,000	
film dream   	0,000	0,000	0,000	10,563	0,000	0,000	0,000	
film slow    	5,002	0,000	0,000	0,000	0,000	0,000	0,000	
find solution	6,673	0,000	0,000	0,000	0,000	0,000	0,000	
first kiss   	0,000	0,000	2,641	0,000	0,000	0,000	0,000	
first love   	0,000	0,000	7,842	0,000	0,000	0,000	0,000	
first meet   	0,000	0,000	7,626	0,000	0,000	0,000	0,000	
flash humor  	0,000	0,000	0,000	0,000	6,177	4,118	0,000	
focus attention	10,650	0,000	0,000	0,000	0,000	0,000	0,000	
focus story  	8,158	0,000	0,000	0,000	0,000	0,000	0,000	
focus viewer 	4,118	0,000	0,000	0,000	0,000	0,000	0,000	
friend movie 	0,000	0,000	0,000	0,000	4,979	0,000	0,000	
full attention	3,263	0,000	0,000	0,000	0,000	0,000	0,000	
full color   	0,000	0,000	0,000	3,368	0,000	0,000	0,000	
full emotion 	0,000	0,000	3,405	0,000	0,000	0,000	0,000	
full love    	0,000	0,000	5,026	0,000	0,000	0,000	0,000	
fun entertaining	0,000	0,000	0,000	0,000	4,548	0,000	0,000	
fun movie    	0,000	0,000	0,000	0,000	2,256	0,000	0,000	
fun sweet    	0,000	0,000	3,617	0,000	3,617	0,000	0,000	
funny act    	0,000	3,550	0,000	0,000	0,000	0,000	0,000	
funny awkward	0,000	0,000	0,000	0,000	3,813	3,813	0,000	
funny comedian	0,000	0,000	0,000	0,000	0,000	5,831	0,000	
funny movie  	0,000	0,000	0,000	0,000	0,000	0,000	0,000	
get enough   	0,000	0,000	3,887	0,000	0,000	0,000	0,000	
gift life    	0,000	0,000	0,000	3,701	0,000	0,000	0,000	
give advice  	0,000	0,000	0,000	0,000	5,975	0,000	0,000	
give birth   	0,000	0,000	0,000	3,239	0,000	0,000	0,000	
give heart   	0,000	0,000	8,465	0,000	0,000	0,000	0,000	
give help    	0,000	0,000	0,000	0,000	5,628	0,000	0,000	
glue screen  	2,759	0,000	0,000	0,000	0,000	0,000	0,000	
go school    	0,000	0,000	0,000	3,521	0,000	0,000	0,000	
go wrong     	0,000	0,000	0,000	0,000	0,000	0,000	6,811	
good message 	0,000	0,000	0,000	2,933	0,000	0,000	0,000	
good mood    	0,000	0,000	0,000	0,000	0,000	10,563	0,000	
good time    	0,000	0,000	0,000	0,000	7,202	3,601	0,000	
good vibe    	0,000	0,000	0,000	0,000	0,000	4,349	0,000	
good win     	0,000	0,000	0,000	0,000	0,000	3,386	0,000	
great animation	0,000	0,000	0,000	4,321	0,000	0,000	0,000	
great emotion	0,000	0,000	8,803	0,000	0,000	0,000	0,000	
great energy 	0,000	0,000	0,000	0,000	0,000	7,312	0,000	
great lesson 	0,000	0,000	0,000	3,146	0,000	0,000	0,000	
great rhythm 	0,000	4,349	0,000	0,000	0,000	0,000	0,000	
great time   	0,000	0,000	0,000	0,000	3,901	0,000	0,000	
happy family 	0,000	0,000	0,000	5,205	0,000	0,000	0,000	
hard understand	4,858	0,000	0,000	0,000	0,000	0,000	0,000	
have attention	3,494	0,000	0,000	0,000	0,000	0,000	0,000	
have care    	0,000	0,000	0,000	0,000	5,052	0,000	0,000	
have chemistry	0,000	0,000	5,242	0,000	0,000	0,000	0,000	
have confidence	0,000	0,000	0,000	0,000	5,242	0,000	0,000	
have connection	0,000	0,000	5,026	0,000	0,000	0,000	0,000	
have enjoy   	0,000	0,000	0,000	4,498	0,000	0,000	0,000	
have fear    	0,000	0,000	0,000	0,000	0,000	0,000	3,617	
have feeling 	0,000	0,000	8,758	0,000	0,000	0,000	0,000	
have fun     	0,000	0,000	0,000	0,000	0,000	3,643	0,000	
have message 	0,000	0,000	0,000	3,194	0,000	0,000	0,000	
have passion 	0,000	0,000	5,138	0,000	0,000	0,000	0,000	
have smile   	0,000	0,000	0,000	3,447	0,000	0,000	0,000	
have soul    	5,079	0,000	0,000	0,000	0,000	0,000	0,000	
have struggle	0,000	0,000	0,000	0,000	0,000	0,000	5,205	
have suspense	4,840	0,000	0,000	0,000	0,000	0,000	0,000	
head turn    	9,252	0,000	0,000	0,000	0,000	0,000	0,000	
heart beat   	0,000	0,000	6,580	0,000	0,000	0,000	0,000	
heart break  	0,000	0,000	9,170	0,000	0,000	0,000	5,002	
heart emotion	0,000	0,000	5,484	0,000	0,000	0,000	0,000	
heart warm   	0,000	0,000	3,227	0,000	0,000	0,000	0,000	
help hand    	0,000	0,000	0,000	0,000	5,719	0,000	0,000	
help relax   	0,000	4,118	0,000	0,000	0,000	0,000	0,000	
hero story   	0,000	0,000	0,000	3,239	0,000	0,000	0,000	
hide meaning 	4,118	0,000	0,000	0,000	0,000	0,000	0,000	
hide something	4,118	0,000	0,000	0,000	0,000	0,000	0,000	
high fidelity	4,349	0,000	0,000	0,000	0,000	0,000	0,000	
hilarious moment	0,000	0,000	0,000	0,000	4,776	9,552	0,000	
historical movie	8,012	0,000	0,000	0,000	0,000	0,000	0,000	
hit deep     	0,000	0,000	3,983	0,000	0,000	0,000	0,000	
hit hard     	0,000	0,000	3,701	0,000	0,000	0,000	0,000	
hold arm     	0,000	0,000	3,887	0,000	0,000	0,000	0,000	
hold attention	4,655	0,000	0,000	0,000	0,000	0,000	0,000	
hope future  	0,000	0,000	0,000	4,858	0,000	0,000	0,000	
hour company 	0,000	10,296	0,000	0,000	0,000	0,000	0,000	
human cruelty	0,000	0,000	0,000	0,000	3,887	0,000	5,831	
human emotion	0,000	0,000	2,714	0,000	0,000	0,000	0,000	
human feeling	0,000	0,000	3,368	0,000	0,000	0,000	0,000	
human nature 	1,981	0,000	0,000	0,000	0,000	0,000	0,000	
humor brilliant	0,000	0,000	0,000	0,000	0,000	3,701	0,000	
hurt heart   	0,000	0,000	0,000	0,000	0,000	0,000	6,177	
hurt people  	0,000	0,000	0,000	0,000	0,000	0,000	3,887	
impossible understand	6,524	0,000	0,000	0,000	0,000	0,000	0,000	
impressive movie	3,080	0,000	0,000	0,000	0,000	0,000	0,000	
impressive scene	3,617	0,000	0,000	0,000	0,000	0,000	0,000	
incurable romantic	0,000	0,000	6,177	0,000	0,000	0,000	0,000	
inspirational message	4,118	0,000	0,000	0,000	0,000	0,000	0,000	
intelligent story	2,585	0,000	0,000	0,000	0,000	0,000	0,000	
intense emotion	3,447	0,000	0,000	0,000	0,000	0,000	0,000	
intimate relationship	0,000	0,000	3,617	0,000	0,000	0,000	0,000	
intricate character	3,752	0,000	0,000	0,000	0,000	0,000	0,000	
intricate complex	4,118	0,000	0,000	0,000	0,000	0,000	0,000	
intricate plot	8,756	0,000	0,000	0,000	0,000	0,000	0,000	
intricate story	3,550	0,000	0,000	0,000	0,000	0,000	0,000	
intriguing storyline	5,484	0,000	0,000	0,000	0,000	0,000	0,000	
ironic funny 	0,000	0,000	0,000	0,000	0,000	6,524	0,000	
joy eye      	0,000	3,752	0,000	0,000	0,000	0,000	0,000	
keep focus   	3,290	0,000	0,000	0,000	0,000	0,000	0,000	
keep promise 	0,000	0,000	0,000	0,000	5,325	0,000	0,000	
keep secret  	0,000	0,000	0,000	0,000	9,870	0,000	0,000	
key line     	3,752	0,000	0,000	0,000	0,000	0,000	0,000	
kid adult    	0,000	0,000	0,000	1,926	0,000	0,000	0,000	
kid movie    	0,000	0,000	0,000	2,679	0,000	0,000	0,000	
kill opponent	0,000	0,000	0,000	0,000	0,000	0,000	3,983	
laugh hard   	0,000	0,000	0,000	0,000	0,000	4,414	0,000	
learn talk   	0,000	0,000	0,000	4,349	0,000	0,000	0,000	
lesson learn 	0,000	0,000	0,000	8,191	0,000	0,000	0,000	
life change  	3,059	0,000	0,000	0,000	0,000	0,000	0,000	
life lesson  	4,445	0,000	0,000	2,963	8,889	0,000	0,000	
life partner 	0,000	0,000	3,983	0,000	0,000	0,000	0,000	
light comedy 	0,000	5,282	0,000	0,000	0,000	0,000	0,000	
light note   	0,000	4,118	0,000	0,000	0,000	0,000	0,000	
light story  	0,000	5,551	0,000	0,000	0,000	0,000	0,000	
linear storyline	0,000	6,177	0,000	0,000	0,000	0,000	0,000	
little gem   	0,000	0,000	0,000	3,137	0,000	0,000	0,000	
little one   	0,000	0,000	0,000	4,643	0,000	0,000	0,000	
little simple	0,000	3,983	0,000	0,000	0,000	0,000	0,000	
long last    	0,000	0,000	0,000	0,000	5,325	0,000	0,000	
look eye     	0,000	0,000	7,820	0,000	0,000	0,000	0,000	
loss friend  	0,000	0,000	0,000	0,000	0,000	0,000	6,524	
love life    	0,000	0,000	5,275	0,000	0,000	0,000	0,000	
love story   	0,000	0,000	7,524	0,000	0,000	0,000	0,000	
lovely heart 	0,000	0,000	4,349	0,000	0,000	0,000	0,000	
low attention	0,000	10,296	0,000	0,000	0,000	0,000	0,000	
magical atmosphere	0,000	0,000	0,000	6,524	0,000	0,000	0,000	
magical story	0,000	0,000	0,000	8,579	0,000	0,000	0,000	
make cry     	0,000	0,000	0,000	0,000	0,000	0,000	2,740	
make feel    	0,000	0,000	2,212	0,000	0,000	0,000	0,000	
make laugh   	0,000	0,000	0,000	0,000	2,277	7,401	0,000	
make sense   	3,701	0,000	0,000	0,000	0,000	0,000	0,000	
martial art  	0,000	0,000	0,000	0,000	0,000	0,000	2,377	
mean word    	0,000	0,000	0,000	0,000	0,000	0,000	6,524	
message be   	0,000	0,000	0,000	2,488	0,000	0,000	0,000	
metaphor life	5,107	0,000	0,000	0,000	0,000	0,000	0,000	
mind trip    	3,656	0,000	0,000	0,000	0,000	0,000	0,000	
moment hilarious	0,000	6,177	0,000	0,000	0,000	0,000	0,000	
moment truth 	0,000	0,000	3,813	0,000	5,719	0,000	0,000	
mother love  	0,000	0,000	0,000	3,184	0,000	0,000	0,000	
movie youth  	0,000	0,000	0,000	7,775	0,000	0,000	0,000	
much heart   	0,000	0,000	0,000	5,026	0,000	0,000	0,000	
nice chemistry	0,000	0,000	2,814	0,000	0,000	0,000	0,000	
nostalgia childhood	0,000	0,000	0,000	3,887	0,000	0,000	0,000	
old friend   	0,000	0,000	0,000	0,000	4,520	0,000	0,000	
original set 	3,752	0,000	0,000	0,000	0,000	0,000	0,000	
passion chemistry	0,000	0,000	4,118	0,000	0,000	0,000	0,000	
passion desire	0,000	0,000	3,089	0,000	0,000	0,000	0,000	
pay attention	10,281	0,000	0,000	0,000	0,000	0,000	0,000	
peaceful set 	0,000	0,000	0,000	0,000	0,000	6,524	0,000	
perfect date 	0,000	0,000	3,319	0,000	0,000	0,000	0,000	
perfect match	0,000	0,000	3,103	0,000	0,000	0,000	0,000	
philosophy life	3,701	0,000	0,000	0,000	0,000	0,000	0,000	
physical attraction	0,000	0,000	3,617	0,000	0,000	0,000	0,000	
picture love 	0,000	0,000	3,656	0,000	0,000	0,000	0,000	
plain simple 	0,000	11,565	0,000	0,000	0,000	0,000	0,000	
pleasant dream	0,000	5,975	0,000	0,000	0,000	0,000	0,000	
pleasant movie	0,000	5,425	0,000	0,000	0,000	0,000	0,000	
plot twist   	4,105	0,000	0,000	0,000	0,000	0,000	0,000	
powerful film	2,600	0,000	0,000	0,000	0,000	0,000	0,000	
powerful movie	0,000	0,000	3,990	0,000	0,000	0,000	0,000	
profound love	0,000	0,000	7,207	0,000	0,000	0,000	0,000	
psychological thriller	0,000	0,000	0,000	0,000	0,000	0,000	7,791	
punch face   	0,000	0,000	0,000	0,000	0,000	0,000	5,551	
pure poetry  	0,000	3,813	0,000	0,000	0,000	0,000	0,000	
put heart    	0,000	0,000	3,263	0,000	0,000	0,000	0,000	
raw violent  	0,000	0,000	0,000	0,000	0,000	0,000	6,524	
real feeling 	0,000	0,000	3,319	0,000	0,000	0,000	0,000	
real joy     	0,000	0,000	0,000	0,000	0,000	3,425	0,000	
real life    	1,606	0,000	0,000	0,000	0,000	0,000	0,000	
real romance 	0,000	0,000	3,983	0,000	0,000	0,000	0,000	
real tension 	0,000	0,000	0,000	0,000	0,000	0,000	5,831	
realism be   	0,000	0,000	0,000	0,000	0,000	0,000	4,520	
reflect life 	5,079	0,000	0,000	0,000	0,000	0,000	0,000	
relax movie  	0,000	6,524	0,000	0,000	0,000	0,000	0,000	
remember youth	0,000	0,000	0,000	6,524	0,000	0,000	0,000	
rest life    	0,000	0,000	2,948	0,000	0,000	0,000	0,000	
right heart  	0,000	0,000	3,550	0,000	0,000	0,000	0,000	
romance passion	0,000	0,000	5,831	0,000	0,000	0,000	0,000	
romantic attraction	0,000	0,000	6,177	0,000	0,000	0,000	0,000	
romantic couple	0,000	0,000	8,579	0,000	0,000	0,000	0,000	
romantic feel	0,000	0,000	2,987	0,000	0,000	0,000	0,000	
romantic instinct	0,000	0,000	6,524	0,000	0,000	0,000	0,000	
romantic movie	0,000	0,000	8,771	0,000	0,000	0,000	0,000	
romantic set 	0,000	0,000	8,237	0,000	0,000	0,000	0,000	
romantic story	0,000	0,000	9,957	0,000	0,000	0,000	0,000	
science fiction	2,137	0,000	0,000	3,206	0,000	0,000	0,000	
seductive ease	0,000	0,000	4,349	0,000	0,000	0,000	0,000	
see engage   	3,262	0,000	0,000	0,000	0,000	0,000	0,000	
see little   	0,000	0,000	0,000	3,066	0,000	0,000	0,000	
see red      	0,000	0,000	0,000	0,000	0,000	0,000	3,983	
sense justice	0,000	0,000	0,000	0,000	0,000	0,000	5,052	
sensitive child	0,000	0,000	0,000	5,831	0,000	0,000	0,000	
sentimental nostalgic	0,000	0,000	6,524	0,000	0,000	0,000	0,000	
share interest	0,000	0,000	0,000	0,000	6,177	0,000	0,000	
shocking scene	0,000	0,000	0,000	0,000	0,000	0,000	5,079	
shoot head   	0,000	0,000	0,000	0,000	0,000	0,000	5,484	
short movie  	0,000	10,340	0,000	0,000	0,000	0,000	0,000	
simple easy  	0,000	10,483	0,000	0,000	0,000	0,000	0,000	
simple entertaining	0,000	4,349	0,000	0,000	0,000	0,000	0,000	
simple humor 	0,000	0,000	0,000	4,118	0,000	0,000	0,000	
simple light 	0,000	4,349	0,000	0,000	0,000	0,000	0,000	
simple plot  	0,000	10,706	0,000	0,000	0,000	0,000	0,000	
sit laugh    	0,000	0,000	0,000	0,000	0,000	9,532	0,000	
slow pace    	0,000	4,568	0,000	0,000	0,000	0,000	0,000	
something laugh	0,000	0,000	0,000	0,000	0,000	6,177	0,000	
something learn	0,000	0,000	0,000	2,713	0,000	0,000	0,000	
something miss	3,319	0,000	0,000	0,000	0,000	0,000	0,000	
something new	2,407	0,000	0,000	0,000	0,000	0,000	0,000	
soothing voice	0,000	6,524	0,000	0,000	0,000	0,000	0,000	
soul mate    	0,000	0,000	6,608	0,000	0,000	0,000	0,000	
special effect	0,000	0,000	0,000	2,344	0,000	0,000	0,000	
spectacular be	0,000	0,000	0,000	0,000	0,000	3,020	0,000	
spend hour   	0,000	8,420	0,000	0,000	0,000	0,000	0,000	
spirit friend	0,000	0,000	0,000	0,000	6,177	0,000	0,000	
stay focus   	3,617	0,000	0,000	0,000	0,000	0,000	0,000	
stop laugh   	0,000	0,000	0,000	0,000	4,935	3,290	0,000	
story complex	3,425	0,000	0,000	0,000	0,000	0,000	0,000	
storyline complex	6,524	0,000	0,000	0,000	0,000	0,000	0,000	
straight forward	0,000	6,177	0,000	0,000	0,000	0,000	0,000	
superhero fan	0,000	0,000	0,000	5,425	0,000	0,000	0,000	
surprising ending	3,494	0,000	0,000	0,000	0,000	0,000	0,000	
surreal trip 	0,000	0,000	0,000	6,177	0,000	0,000	0,000	
sweet delicate	0,000	0,000	6,524	0,000	0,000	0,000	0,000	
sweet heart  	0,000	0,000	0,000	4,118	0,000	0,000	0,000	
sweet right  	0,000	0,000	6,177	0,000	0,000	0,000	0,000	
take break   	0,000	5,894	0,000	0,000	0,000	0,000	0,000	
take breath  	0,000	0,000	5,006	0,000	0,000	0,000	0,000	
take easy    	0,000	6,810	0,000	0,000	0,000	0,000	0,000	
teach value  	0,000	0,000	0,000	3,550	0,000	0,000	0,000	
teddy bear   	0,000	0,000	0,000	3,887	0,000	0,000	0,000	
teen life    	0,000	0,000	0,000	5,484	0,000	0,000	0,000	
tell truth   	0,000	0,000	0,000	0,000	4,400	0,000	0,000	
tender heart 	0,000	0,000	0,000	5,425	0,000	0,000	0,000	
theatrical performance	3,887	0,000	0,000	0,000	0,000	0,000	0,000	
think hard   	3,521	0,000	0,000	0,000	0,000	0,000	0,000	
time fly     	0,000	3,447	0,000	0,000	0,000	0,000	0,000	
time life    	0,000	0,000	0,000	2,801	0,000	0,000	0,000	
time shine   	0,000	0,000	0,000	0,000	0,000	3,582	0,000	
touch heart  	0,000	0,000	10,245	0,000	0,000	0,000	0,000	
touch soul   	3,319	0,000	0,000	0,000	0,000	0,000	0,000	
touch story  	0,000	0,000	3,216	0,000	0,000	0,000	0,000	
true feeling 	0,000	0,000	3,494	0,000	10,483	0,000	0,000	
true friend  	0,000	0,000	0,000	0,000	10,409	0,000	0,000	
true friendship	0,000	0,000	0,000	0,000	5,138	0,000	0,000	
true love    	0,000	0,000	9,546	0,000	0,000	0,000	0,000	
understand movie	4,321	0,000	0,000	0,000	0,000	0,000	0,000	
unpredictable exciting	6,524	0,000	0,000	0,000	0,000	0,000	0,000	
valuable lesson	0,000	0,000	0,000	5,002	0,000	0,000	0,000	
value love   	0,000	0,000	3,617	0,000	0,000	0,000	0,000	
victim be    	0,000	0,000	0,000	0,000	0,000	0,000	5,107	
violence be  	0,000	0,000	0,000	0,000	0,000	0,000	4,009	
violent scene	0,000	0,000	0,000	0,000	0,000	0,000	4,719	
visual splendid	0,000	6,524	0,000	0,000	0,000	0,000	0,000	
wake nightmare	0,000	0,000	0,000	0,000	0,000	0,000	6,524	
want learn   	0,000	0,000	0,000	3,155	0,000	0,000	0,000	
want more    	4,469	0,000	0,000	0,000	0,000	0,000	0,000	
war be       	0,000	0,000	0,000	0,000	0,000	0,000	3,832	
warm heart   	0,000	0,000	3,174	0,000	0,000	0,000	0,000	
watch calm   	0,000	6,524	0,000	0,000	0,000	0,000	0,000	
well deserve 	0,000	0,000	0,000	0,000	0,000	5,975	0,000	
whole family 	0,000	0,000	0,000	3,219	0,000	0,000	0,000	
witty dialogue	0,000	0,000	0,000	0,000	0,000	2,846	0,000	
witty interesting	0,000	0,000	0,000	0,000	0,000	6,177	0,000	
young child  	0,000	0,000	0,000	2,668	0,000	0,000	0,000	
young lady   	0,000	0,000	0,000	3,164	0,000	0,000	0,000	
young man    	0,000	0,000	0,000	2,347	0,000	0,000	0,000	
young one    	0,000	0,000	0,000	5,170	0,000	0,000	0,000	
