FILM	HA	LA	CO	BA	FR	GM	BM
1     	3357	2873	1264	2035	1990	2180	2692	
2     	970	1654	1082	346	21	1027	445	
3     	122	92	12	272	266	133	366	
4     	1980	873	942	3087	1679	1117	1989	
5     	349	110	526	1114	1143	1942	74	
6     	1459	1854	3347	2398	3617	17	168	
7     	2047	494	1665	3306	2382	1150	2317	
8     	552	128	611	537	417	553	503	
9     	142	1438	860	1326	1335	1461	1409	
10    	4174	1924	6780	3974	5793	2272	4834	
11    	1616	202	15	176	418	1082	931	
12    	152	691	52	509	113	462	139	
13    	341	227	511	298	445	651	115	
14    	1106	515	133	688	1163	515	176	
15    	2818	913	1286	537	2507	531	2219	
16    	182	236	20	209	26	253	379	
17    	675	775	1272	495	1158	800	274	
18    	945	1084	574	378	2222	2137	1844	
19    	1333	1271	215	449	478	496	933	
20    	128	1048	3574	2139	1685	2194	1044	
21    	340	603	38	701	373	42	705	
22    	822	414	250	602	24	708	906	
23    	669	633	385	351	307	298	730	
24    	1271	269	864	2486	928	86	1406	
25    	28	1015	1101	1945	246	1487	50	
26    	102	143	209	172	325	351	50	
27    	105	1705	174	3255	2437	420	1504	
28    	78	702	650	951	395	1087	44	
29    	1450	260	489	683	720	693	1022	
30    	1344	339	825	358	1541	116	1336	
31    	2626	1955	1957	427	1770	1637	361	
32    	3055	1377	2441	2589	1737	2212	3164	
33    	752	1203	267	407	1035	1255	259	
34    	426	633	643	119	267	366	1008	
35    	2291	308	738	128	2005	482	2569	
36    	169	1762	574	1136	2456	1499	1376	
37    	445	186	158	1301	868	101	769	
38    	586	725	268	180	1226	503	904	
39    	545	15	384	166	580	27	675	
40    	404	488	808	596	1274	633	1265	
41    	1367	1482	124	551	1993	1731	1837	
42    	86	797	535	646	252	218	205	
43    	1736	3367	257	3049	3126	729	651	
44    	1044	2849	5385	1781	4317	1954	1070	
45    	225	59	1235	1277	1078	1429	412	
46    	643	94	206	425	459	640	193	
47    	580	960	782	271	840	1189	367	
48    	248	1099	684	1051	64	1189	627	
49    	144	70	144	78	319	48	253	
50    	549	268	294	203	229	451	775	
51    	1430	1211	17	799	406	1204	1394	
52    	1207	586	1527	2196	877	225	2590	
53    	38	581	375	578	952	701	570	
54    	9	177	206	103	66	26	153	
55    	631	106	1409	903	1887	1328	1030	
56    	3069	199	1598	1397	5907	3968	321	
57    	204	30	615	134	285	270	491	
58    	1006	1466	315	879	33	847	437	
59    	712	686	727	247	431	247	542	
60    	309	296	160	225	218	372	242	
61    	127	244	552	1244	1238	804	95	
62    	430	177	949	1930	1405	222	1393	
63    	1337	959	327	1017	221	936	1069	
64    	1080	1406	617	1210	903	772	638	
65    	752	776	1005	341	538	916	965	
66    	587	189	405	776	847	261	71	
67    	434	502	448	415	450	311	453	
68    	193	555	510	600	251	616	110	
69    	711	162	174	255	416	679	16	
70    	309	79	674	901	836	798	721	
71    	342	14	1721	551	2188	1417	2003	
72    	991	1615	1256	1260	1075	27	1232	
73    	71	1	69	29	46	101	101	
74    	491	329	117	118	244	248	374	
75    	351	408	760	664	283	1030	1078	
76    	1069	1280	1590	753	1034	1458	415	
77    	118	23	118	99	112	16	125	
78    	320	842	730	199	582	808	133	
79    	2029	291	1631	718	1580	2454	232	
80    	2336	2439	429	1710	481	469	1138	
81    	601	1583	667	446	1199	1347	1428	
82    	194	911	435	525	993	389	781	
83    	3605	1115	415	1892	5943	2710	7056	
84    	5603	2465	4744	1407	466	634	1277	
85    	1269	284	490	137	981	1153	1457	
86    	208	197	81	350	237	109	313	
87    	187	364	255	696	1071	322	371	
88    	143	1591	292	432	901	2108	1569	
89    	180	317	108	510	505	393	411	
90    	770	91	836	138	567	837	313	
91    	990	3778	549	3876	2589	462	3924	
92    	361	159	404	917	59	56	555	
93    	1449	454	90	522	854	1099	793	
94    	89	187	220	84	188	130	209	
95    	910	2574	1495	287	281	661	2466	
96    	690	504	436	363	315	331	80	
97    	524	21	562	538	77	282	35	
98    	2101	3162	3507	2582	1709	1357	1257	
99    	931	1382	1420	1192	769	811	766	
100   	2605	3436	244	125	2916	2857	180	
101   	334	333	96	445	9	121	231	
102   	254	186	339	258	301	385	200	
103   	2866	910	803	839	2565	680	2774	
104   	2880	104	2835	2045	2207	1135	167	
105   	731	36	328	1080	942	1298	1013	
106   	334	1427	1279	968	1469	852	169	
107   	868	551	3761	3026	2198	2831	1225	
108   	438	579	216	663	630	670	874	
109   	407	362	311	245	750	617	322	
110   	606	506	13	1185	492	687	374	
111   	1211	1732	800	1674	1076	644	1270	
112   	300	216	73	309	104	111	154	
113   	24	670	217	437	892	611	571	
114   	251	3576	4957	2075	5284	4407	1329	
115   	2235	1667	1474	304	1454	37	2003	
116   	739	1194	306	660	459	557	511	
117   	3512	907	342	3350	2053	413	1921	
118   	375	1886	3035	2119	1762	931	564	
119   	379	481	106	541	418	770	786	
120   	1657	410	1378	834	842	1723	198	
121   	269	736	845	736	329	6	768	
122   	3827	3591	2138	681	2582	585	2358	
123   	615	679	342	551	546	679	450	
124   	171	2	195	195	35	194	15	
125   	332	53	11	1251	88	1768	611	
126   	6	354	196	121	81	150	154	
127   	126	1235	1619	307	7	352	42	
128   	111	117	675	159	501	190	400	
129   	166	1007	808	645	418	906	402	
130   	351	342	566	493	508	46	244	
131   	351	299	308	73	292	159	149	
132   	214	290	353	35	105	300	442	
133   	128	176	11	24	299	231	343	
134   	7012	3803	5516	1160	6432	1885	2562	
135   	700	1679	1827	1325	995	232	1484	
136   	371	69	371	316	57	286	374	
137   	768	292	1124	1499	710	863	1246	
138   	299	435	311	830	1768	1330	664	
139   	508	292	230	14	42	471	89	
140   	80	579	176	6	333	491	503	
141   	405	297	405	455	8	87	673	
142   	470	731	559	467	393	73	2	
143   	24	309	140	439	176	491	221	
144   	238	379	100	406	192	396	193	
145   	90	413	183	490	287	463	171	
146   	858	1007	46	807	329	358	258	
147   	41	519	609	12	186	15	418	
148   	460	1451	2073	297	1725	1758	539	
149   	551	658	1762	693	1602	958	678	
150   	404	467	650	440	495	209	150	
151   	230	81	708	881	1073	823	960	
152   	831	765	21	1424	359	991	859	
153   	1282	247	1121	454	635	5	484	
154   	516	529	76	583	1013	770	81	
155   	294	81	53	176	493	533	483	
156   	148	655	310	364	1436	1083	363	
157   	1474	969	2566	2063	2897	2335	1247	
158   	285	963	309	579	787	798	415	
159   	2836	2294	2966	3659	2913	1543	3710	
160   	88	301	394	35	412	122	64	
161   	37	1148	254	1947	2328	1900	587	
162   	1325	999	1318	552	29	964	930	
163   	136	593	80	45	238	142	327	
164   	601	349	756	259	353	207	460	
165   	488	2593	187	680	1157	1535	1294	
166   	1985	1680	2124	2289	864	1690	494	
167   	2407	2080	520	1544	110	1115	1282	
168   	12	307	443	351	136	238	404	
169   	261	352	269	337	272	418	22	
170   	128	58	4	164	38	135	168	
171   	879	39	2010	1984	946	1121	1952	
172   	1160	24	1567	760	1162	337	1603	
173   	300	302	16	278	167	223	149	
174   	446	437	317	392	24	60	258	
175   	140	140	115	40	186	61	115	
176   	29	792	470	680	676	893	573	
177   	264	258	514	195	371	289	338	
178   	182	395	341	367	152	458	95	
179   	222	185	62	864	565	290	9	
180   	228	811	1002	546	300	98	286	
181   	934	1158	444	262	720	150	572	
182   	25	257	430	278	272	269	733	
183   	1442	90	1778	1137	1460	250	1085	
184   	65	251	152	266	70	18	306	
185   	1904	1353	493	1325	2036	224	1951	
186   	1430	1557	1351	1567	17	1281	579	
187   	377	1	302	592	181	110	36	
188   	592	1614	1785	2127	265	1097	1655	
189   	1126	203	483	41	803	939	1391	
190   	464	830	493	142	1019	1039	1118	
191   	147	182	235	236	6	130	24	
192   	270	592	269	505	578	548	893	
193   	4670	2725	2631	4727	3487	1529	3347	
194   	241	1484	1872	1390	1148	1481	153	
195   	1081	1368	1120	437	1210	426	1029	
196   	2313	2764	3389	741	2043	2550	3034	
197   	546	814	602	463	651	289	743	
198   	760	203	12	1173	155	132	739	
199   	1162	1456	2379	2040	1405	2751	3214	
200   	570	1096	653	878	64	717	638	
201   	335	308	86	200	56	24	300	
202   	591	368	273	655	372	459	149	
203   	777	238	88	139	175	600	35	
204   	127	1	8	171	6	12	48	
205   	356	645	569	292	1859	633	415	
206   	348	1107	897	830	1438	392	609	
207   	503	398	95	571	535	328	67	
208   	147	211	858	93	653	328	347	
209   	71	61	50	100	30	104	151	
210   	800	488	304	1114	1168	152	934	
211   	144	98	20	122	70	211	149	
212   	1257	27	552	1324	874	264	1172	
213   	1739	1770	1948	407	1911	392	21	
214   	938	692	704	1027	1005	904	178	
215   	435	192	62	218	168	274	171	
216   	186	1843	1150	1502	589	457	348	
217   	1376	981	956	872	4851	2899	4450	
218   	20	291	709	311	131	763	275	
219   	1231	2037	2050	1118	540	217	1956	
220   	2	807	78	334	14	634	684	
221   	1	795	1080	1662	1505	858	249	
222   	578	393	396	495	281	467	700	
223   	1385	1838	1424	138	1206	1942	2089	
224   	280	96	63	68	47	80	206	
225   	277	81	737	691	383	82	210	
226   	561	7	490	44	226	152	489	
227   	238	255	245	4	32	305	303	
228   	2689	3246	2028	79	1131	2223	224	
229   	915	2089	1419	2596	582	65	1547	
230   	83	85	127	127	101	76	84	
231   	1244	2226	2719	1000	319	2020	552	
232   	86	448	246	481	388	176	102	
233   	77	17	91	39	73	79	40	
234   	26	82	75	2	80	81	76	
235   	10	21	33	20	95	95	97	
236   	791	953	41	1927	1612	1262	1543	
237   	42	347	343	456	575	380	146	
238   	419	81	333	173	14	30	78	
239   	478	147	684	291	240	818	97	
240   	88	74	21	89	50	91	79	
241   	152	229	120	364	259	364	35	
242   	88	335	127	220	30	141	364	
243   	223	134	58	27	230	36	102	
244   	201	554	43	519	119	99	80	
245   	1257	744	856	685	768	312	912	
246   	3080	2590	2914	1621	875	2043	3790	
247   	642	609	642	391	202	699	700	
248   	65	90	132	39	18	135	300	
249   	20	104	47	46	148	4	39	
250   	163	572	39	167	128	288	272	
251   	188	240	91	382	20	72	147	
252   	152	213	70	156	48	75	28	
253   	518	598	671	298	357	287	679	
254   	514	542	222	51	162	70	210	
255   	287	111	59	218	235	237	120	
256   	83	119	11	11	107	123	117	
257   	273	35	85	111	32	94	336	
258   	275	192	55	166	184	159	295	
259   	358	674	195	50	677	634	119	
260   	15	76	40	53	76	80	1	
261   	541	845	1186	197	1328	1234	1524	
262   	330	1356	119	458	501	451	1438	
263   	161	291	25	120	119	12	1	
264   	250	416	551	24	383	305	325	
265   	230	469	695	648	1518	126	1404	
266   	3999	2227	3286	2239	2330	2670	687	
267   	742	604	1416	605	1453	1491	815	
268   	177	181	113	205	19	181	105	
269   	84	95	11	324	379	457	493	
270   	372	388	1697	2128	1322	2055	500	
271   	732	338	943	1025	1535	177	1600	
272   	514	108	954	995	851	167	552	
273   	415	394	859	1269	1013	1192	1135	
274   	121	117	297	1024	920	698	568	
275   	384	2670	329	2800	2970	1705	3088	
276   	478	97	65	450	515	79	379	
277   	1193	1215	1044	531	865	1120	203	
278   	317	1248	1282	1505	784	910	735	
279   	2366	2646	763	1234	1625	162	2695	
280   	164	1249	1074	231	844	148	1107	
281   	1263	336	1015	25	2201	721	1646	
282   	355	95	93	117	648	302	159	
283   	1945	1983	1722	1646	945	2019	1219	
284   	2057	1630	1203	1425	225	2080	410	
285   	897	443	695	358	395	346	730	
286   	587	977	2264	2701	2540	1768	623	
287   	1178	1384	903	720	363	1414	1068	
288   	30	1458	1579	1706	1231	797	972	
