L            	HA	LA	CO	BA	FR	GM	BM
able cry     	4,349	0,000	0,000	0,000	0,000	0,000	0,000	
absorb       	9,766	0,000	0,000	0,000	0,000	0,000	0,000	
abuse        	0,000	0,000	0,000	0,000	0,000	0,000	1,701	
achieve      	2,249	0,000	0,000	0,000	0,000	0,000	0,000	
action       	0,000	0,000	0,000	0,000	0,960	0,000	0,000	
addictive    	0,000	8,298	0,000	0,000	0,000	0,000	0,000	
adjust       	2,996	0,000	0,000	0,000	0,000	0,000	0,000	
admiration   	0,000	0,000	0,000	0,000	4,833	0,000	0,000	
admire       	0,000	0,000	0,000	0,000	7,964	3,117	0,000	
admire be    	0,000	0,000	0,000	0,000	0,000	2,438	0,000	
adorable     	0,000	0,000	0,000	9,656	0,000	7,725	0,000	
adore        	0,000	0,000	3,922	0,000	0,000	0,000	0,000	
adrenaline   	0,000	0,000	0,000	0,000	0,000	0,000	4,741	
adult kid    	0,000	0,000	0,000	2,215	0,000	0,000	0,000	
advance      	1,556	0,000	0,000	0,000	0,000	0,000	0,000	
adventure    	0,000	0,000	0,000	4,935	0,000	0,000	0,000	
adventurous  	0,000	0,000	0,000	2,842	0,000	0,000	0,000	
advice       	0,000	0,000	0,000	0,000	1,654	0,000	0,000	
advise       	0,000	0,000	0,000	0,000	6,381	0,000	0,000	
affection    	0,000	0,000	6,390	0,000	4,090	0,000	0,000	
affectionate 	0,000	0,000	3,103	3,103	0,000	0,000	0,000	
affinity     	0,000	0,000	3,550	0,000	0,000	0,000	0,000	
aggression   	0,000	0,000	0,000	0,000	0,000	0,000	4,895	
aim          	2,051	0,000	0,000	0,000	0,000	0,000	0,000	
allegory     	5,085	0,000	0,000	0,000	0,000	0,000	0,000	
amazing animation	0,000	0,000	0,000	5,205	0,000	0,000	0,000	
ambiguous    	7,345	0,000	0,000	0,000	0,000	0,000	0,000	
ambitious    	9,004	0,000	0,000	0,000	0,000	0,000	0,000	
ambivalent   	5,242	0,000	0,000	0,000	0,000	0,000	0,000	
amiable      	0,000	0,000	0,000	2,554	0,000	0,000	0,000	
amorous      	0,000	0,000	2,987	0,000	0,000	0,000	0,000	
anger        	0,000	0,000	0,000	0,000	0,000	0,000	11,003	
angry        	0,000	0,000	0,000	0,000	0,000	0,000	12,379	
anguish      	0,000	0,000	0,000	0,000	0,000	0,000	2,279	
animated     	0,000	0,000	0,000	4,998	0,000	0,000	0,000	
animated feature	0,000	0,000	0,000	2,732	0,000	0,000	0,000	
animated film	0,000	0,000	0,000	2,444	0,000	0,000	0,000	
animation    	0,000	0,000	0,000	3,804	0,000	0,000	0,000	
animation movie	0,000	0,000	0,000	3,103	0,000	0,000	0,000	
animosity    	0,000	0,000	0,000	0,000	0,000	0,000	3,617	
annoyance    	0,000	0,000	0,000	0,000	0,000	0,000	5,325	
anxiety      	0,000	0,000	0,000	0,000	0,000	0,000	2,953	
appreciate   	0,000	0,000	0,000	0,000	0,000	3,263	0,000	
argue        	0,000	0,000	0,000	0,000	0,000	0,000	8,889	
arrogant     	0,000	0,000	0,000	0,000	0,000	0,000	9,361	
assist       	0,000	0,000	0,000	0,000	8,785	0,000	0,000	
attention    	6,994	0,000	0,000	0,000	0,000	0,000	0,000	
attention detail	6,172	0,000	0,000	0,000	0,000	0,000	0,000	
attract      	0,000	0,000	8,031	0,000	0,000	0,000	0,000	
attraction   	0,000	0,000	7,924	0,000	0,000	0,000	0,000	
attractive   	0,000	0,000	2,506	0,000	0,000	0,000	0,000	
autobiography	6,329	0,000	0,000	0,000	0,000	0,000	0,000	
awkward scene	0,000	0,000	0,000	0,000	0,000	6,177	0,000	
baby         	0,000	0,000	0,000	6,282	0,000	0,000	0,000	
bad          	0,000	0,000	0,000	0,000	0,000	0,000	1,982	
bad day      	0,000	0,000	0,000	0,000	0,000	0,000	3,550	
bad mood     	0,000	0,000	0,000	0,000	0,000	0,000	11,662	
bad person   	0,000	0,000	0,000	0,000	0,000	0,000	4,118	
be absorb    	6,621	0,000	0,000	0,000	0,000	0,000	0,000	
be admire    	0,000	0,000	0,000	0,000	4,791	0,000	0,000	
be adorable  	0,000	0,000	0,000	8,443	0,000	8,443	0,000	
be adventure 	0,000	0,000	0,000	7,820	0,000	0,000	0,000	
be adventurous	0,000	0,000	0,000	3,386	0,000	0,000	0,000	
be advise    	0,000	0,000	0,000	0,000	10,969	0,000	0,000	
be affection 	0,000	0,000	0,000	0,000	5,628	0,000	0,000	
be ambitious 	4,400	0,000	0,000	0,000	0,000	0,000	0,000	
be angry     	0,000	0,000	0,000	0,000	0,000	0,000	10,409	
be animated  	0,000	0,000	0,000	9,104	0,000	0,000	0,000	
be animation 	0,000	0,000	0,000	3,194	0,000	0,000	0,000	
be appreciate	0,000	0,000	0,000	0,000	0,000	6,720	0,000	
be argue     	0,000	0,000	0,000	0,000	0,000	0,000	3,319	
be assist    	0,000	0,000	0,000	0,000	5,242	0,000	0,000	
be attract   	0,000	0,000	3,112	0,000	0,000	0,000	0,000	
be baby      	0,000	0,000	0,000	4,935	0,000	0,000	0,000	
be bad       	0,000	0,000	0,000	0,000	0,000	0,000	2,459	
be beauty    	0,000	0,000	4,242	0,000	0,000	0,000	0,000	
be bitter    	0,000	0,000	0,000	0,000	0,000	0,000	3,550	
be bloody    	0,000	0,000	0,000	0,000	0,000	0,000	4,705	
be break     	0,000	0,000	0,000	0,000	0,000	0,000	2,974	
be brilliant 	0,000	0,000	0,000	0,000	0,000	1,768	0,000	
be brother   	0,000	0,000	0,000	0,000	4,599	0,000	0,000	
be calm      	0,000	8,377	0,000	0,000	0,000	0,000	0,000	
be captivate 	4,207	0,000	4,207	0,000	0,000	0,000	0,000	
be capture   	11,136	0,000	0,000	0,000	0,000	0,000	0,000	
be care      	0,000	0,000	0,000	0,000	9,790	0,000	0,000	
be careful   	8,261	0,000	0,000	0,000	0,000	0,000	0,000	
be cartoon   	0,000	0,000	0,000	5,627	0,000	6,431	0,000	
be celebrate 	0,000	0,000	0,000	0,000	0,000	5,002	0,000	
be child     	0,000	0,000	0,000	9,030	0,000	0,000	0,000	
be childhood 	0,000	0,000	0,000	4,807	0,000	3,205	0,000	
be chill     	0,000	4,130	0,000	0,000	0,000	0,000	0,000	
be clear     	0,000	4,193	0,000	0,000	0,000	0,000	0,000	
be cold      	0,000	0,000	0,000	0,000	0,000	0,000	8,336	
be comedian  	0,000	0,000	0,000	0,000	0,000	3,752	0,000	
be comedy    	0,000	0,000	0,000	0,000	0,000	3,895	0,000	
be comic     	0,000	2,468	0,000	0,000	0,000	6,786	0,000	
be company   	0,000	0,000	0,000	0,000	9,042	0,000	0,000	
be complex   	7,280	0,000	0,000	0,000	0,000	0,000	0,000	
be concentrate	3,656	0,000	0,000	0,000	0,000	0,000	0,000	
be concerned 	0,000	0,000	0,000	0,000	7,161	0,000	0,000	
be confuse   	9,219	0,000	0,000	0,000	0,000	0,000	0,000	
be couple    	0,000	0,000	10,357	0,000	0,000	0,000	0,000	
be crazy     	0,000	0,000	0,000	0,000	0,000	4,263	0,000	
be creepy    	0,000	0,000	0,000	0,000	0,000	0,000	2,792	
be cruel     	0,000	0,000	0,000	0,000	0,000	0,000	10,851	
be cry       	0,000	0,000	0,000	0,000	4,823	0,000	2,412	
be curious   	0,000	0,000	0,000	2,876	0,000	0,000	0,000	
be cute      	0,000	0,000	7,720	1,782	0,000	0,000	0,000	
be dad       	0,000	0,000	0,000	1,991	0,000	0,000	0,000	
be dark      	0,000	0,000	0,000	0,000	0,000	0,000	6,876	
be dead      	0,000	0,000	0,000	0,000	0,000	0,000	2,857	
be deep      	7,539	0,000	10,052	0,000	0,000	0,000	0,000	
be delicate  	0,000	3,263	0,000	0,000	0,000	0,000	0,000	
be delight   	0,000	0,000	0,000	0,000	0,000	8,044	0,000	
be depressing	0,000	0,000	0,000	0,000	0,000	0,000	4,956	
be difficult 	10,647	0,000	0,000	0,000	0,000	0,000	0,000	
be direct    	0,000	6,511	0,000	0,000	0,000	0,000	0,000	
be dishonest 	0,000	0,000	0,000	0,000	0,000	0,000	4,349	
be distract  	0,000	9,913	0,000	0,000	0,000	0,000	0,000	
be disturbing	0,000	0,000	0,000	0,000	0,000	0,000	8,423	
be dramatic  	0,000	0,000	0,000	0,000	0,000	0,000	11,464	
be dream     	0,000	0,000	0,000	1,630	0,000	0,000	0,000	
be drunk     	0,000	0,000	0,000	0,000	0,000	0,000	4,956	
be easy      	0,000	5,971	0,000	0,000	0,000	0,000	0,000	
be educational	4,705	3,137	0,000	3,137	0,000	0,000	0,000	
be emotional 	0,000	0,000	10,141	0,000	0,000	0,000	0,000	
be encourage 	0,000	0,000	0,000	0,000	5,170	0,000	0,000	
be energy    	0,000	0,000	0,000	0,000	0,000	5,719	0,000	
be engage    	1,967	0,000	0,000	0,000	0,000	0,000	0,000	
be engaging  	5,820	0,000	0,000	0,000	0,000	0,000	0,000	
be enigmatic 	8,377	0,000	0,000	0,000	0,000	0,000	0,000	
be enjoy     	0,000	0,000	0,000	0,000	0,000	4,958	0,000	
be enjoyable 	0,000	5,146	0,000	0,000	0,000	0,000	0,000	
be entertaining	0,000	2,759	0,000	0,000	2,759	0,000	0,000	
be evil      	0,000	0,000	0,000	0,000	0,000	0,000	3,045	
be excite    	0,000	0,000	0,000	0,000	0,000	3,812	0,000	
be exciting  	0,000	0,000	0,000	0,000	0,000	6,802	0,000	
be exhaust   	5,425	0,000	0,000	0,000	0,000	0,000	0,000	
be express   	0,000	0,000	0,000	0,000	3,052	0,000	0,000	
be extraordinary	0,000	0,000	0,000	0,000	0,000	2,498	0,000	
be fabulous  	0,000	0,000	0,000	0,000	0,000	6,187	0,000	
be fairy     	0,000	0,000	0,000	5,572	0,000	0,000	0,000	
be faith     	0,000	0,000	0,000	0,000	8,875	0,000	0,000	
be faithful  	0,000	0,000	0,000	0,000	10,717	0,000	0,000	
be false     	0,000	0,000	0,000	0,000	0,000	0,000	8,674	
be family    	0,000	0,000	0,000	2,489	0,000	0,000	0,000	
be fantasy   	0,000	0,000	0,000	2,251	0,000	6,003	0,000	
be fascinating	0,000	0,000	8,873	0,000	0,000	2,218	0,000	
be fast      	0,000	2,709	0,000	0,000	0,000	0,000	0,000	
be fight     	0,000	0,000	0,000	0,000	0,000	0,000	7,967	
be focus     	8,286	0,000	0,000	0,000	0,000	0,000	0,000	
be forgive   	0,000	0,000	0,000	0,000	4,823	0,000	0,000	
be friend    	0,000	0,000	0,000	0,000	8,261	0,000	0,000	
be friendship	0,000	0,000	0,000	0,000	7,842	0,000	0,000	
be fun       	0,000	5,440	0,000	0,000	4,533	4,261	0,000	
be funny     	0,000	4,289	0,000	1,287	5,147	3,603	0,000	
be generous  	0,000	0,000	0,000	0,000	9,493	0,000	0,000	
be gentle    	0,000	6,808	0,000	0,000	0,000	0,000	0,000	
be girlfriend	0,000	0,000	3,494	0,000	0,000	0,000	0,000	
be grace     	0,000	0,000	0,000	0,000	0,000	5,634	0,000	
be graphic   	0,000	0,000	0,000	5,584	0,000	0,000	0,000	
be grateful  	0,000	0,000	0,000	0,000	0,000	8,905	0,000	
be grow      	0,000	0,000	0,000	6,843	0,000	0,000	0,000	
be guide     	0,000	0,000	0,000	0,000	5,170	0,000	0,000	
be guilty    	0,000	0,000	0,000	0,000	0,000	0,000	9,913	
be happiness 	0,000	0,000	0,000	2,776	0,000	8,327	0,000	
be happy     	0,000	0,000	0,000	1,475	0,000	9,344	0,000	
be heart     	0,000	0,000	2,405	0,000	0,000	0,000	0,000	
be help      	0,000	0,000	0,000	0,000	6,898	0,000	0,000	
be hero      	0,000	0,000	0,000	4,655	0,000	0,000	0,000	
be hilarious 	0,000	2,042	0,000	2,042	0,000	9,188	0,000	
be history   	2,094	0,000	0,000	0,000	0,000	0,000	0,000	
be hit       	0,000	0,000	0,000	0,000	0,000	0,000	2,705	
be holiday   	0,000	0,000	0,000	3,405	0,000	0,000	0,000	
be honest    	0,000	0,000	0,000	0,000	5,989	0,000	0,000	
be hot       	0,000	0,000	4,980	0,000	0,000	0,000	0,000	
be husband   	0,000	0,000	3,045	0,000	0,000	0,000	0,000	
be imagination	0,000	0,000	0,000	6,115	0,000	0,000	0,000	
be innocent  	0,000	0,000	0,000	2,897	0,000	0,000	0,000	
be inspirational	4,237	0,000	0,000	0,000	0,000	0,000	0,000	
be instant   	0,000	2,821	0,000	0,000	0,000	0,000	0,000	
be intimate  	0,000	0,000	3,032	0,000	0,000	0,000	0,000	
be intricate 	4,539	0,000	0,000	0,000	0,000	0,000	0,000	
be intuitive 	0,000	3,887	0,000	0,000	0,000	0,000	0,000	
be ironic    	0,000	0,000	0,000	0,000	0,000	7,990	0,000	
be joy       	0,000	3,901	0,000	3,511	0,000	8,061	0,000	
be joyful    	0,000	0,000	0,000	0,000	0,000	2,686	0,000	
be kid       	0,000	0,000	0,000	4,709	0,000	0,000	0,000	
be kind      	0,000	0,000	0,000	0,000	0,000	6,200	0,000	
be kiss      	0,000	0,000	5,484	0,000	0,000	0,000	0,000	
be laugh     	0,000	0,000	0,000	0,000	0,000	9,145	0,000	
be lie       	0,000	0,000	0,000	0,000	0,000	0,000	7,211	
be light     	0,000	2,707	0,000	0,000	0,000	0,000	0,000	
be linear    	0,000	9,380	0,000	0,000	0,000	0,000	0,000	
be love      	0,000	0,000	8,044	1,508	0,000	4,022	0,000	
be lovely    	0,000	0,000	0,000	0,000	0,000	10,118	0,000	
be lover     	0,000	0,000	3,164	0,000	0,000	0,000	0,000	
be loyal     	0,000	0,000	0,000	0,000	9,156	0,000	0,000	
be magic     	0,000	0,000	0,000	8,758	0,000	0,000	0,000	
be magical   	0,000	0,000	0,000	5,332	0,000	0,000	0,000	
be mean      	5,007	0,000	0,000	0,000	0,000	0,000	6,259	
be metaphor  	2,340	0,000	0,000	0,000	0,000	0,000	0,000	
be miserable 	0,000	0,000	0,000	0,000	0,000	0,000	5,831	
be mom       	0,000	0,000	0,000	2,113	0,000	0,000	0,000	
be musical   	0,000	0,000	0,000	4,126	0,000	0,000	0,000	
be mutual    	0,000	0,000	0,000	0,000	5,628	0,000	0,000	
be mystery   	2,193	0,000	0,000	0,000	0,000	0,000	0,000	
be mystical  	0,000	0,000	0,000	3,701	0,000	0,000	0,000	
be night     	0,000	3,251	0,000	0,000	0,000	0,000	0,000	
be obvious   	0,000	6,817	0,000	0,000	0,000	0,000	0,000	
be offend    	0,000	0,000	0,000	0,000	0,000	0,000	4,761	
be original  	3,214	0,000	0,000	0,000	0,000	0,000	0,000	
be partner   	0,000	0,000	3,887	0,000	0,000	0,000	0,000	
be passion   	0,000	0,000	5,026	0,000	0,000	0,000	0,000	
be passionate	0,000	0,000	3,014	0,000	0,000	0,000	0,000	
be peace     	0,000	6,669	0,000	0,000	0,000	3,335	0,000	
be peaceful  	0,000	3,521	0,000	0,000	0,000	0,000	0,000	
be plain     	0,000	7,333	0,000	0,000	0,000	0,000	0,000	
be pleasant  	0,000	9,409	0,000	0,000	0,000	0,000	0,000	
be please    	0,000	0,000	0,000	0,000	0,000	2,547	0,000	
be pleased   	0,000	0,000	0,000	0,000	0,000	6,115	0,000	
be pleasure  	0,000	0,000	0,000	0,000	0,000	9,599	0,000	
be powerful  	0,000	0,000	2,008	0,000	0,000	0,000	0,000	
be predictable	0,000	2,186	0,000	0,000	0,000	0,000	0,000	
be profound  	9,708	0,000	5,547	0,000	0,000	0,000	0,000	
be proud     	0,000	0,000	0,000	3,744	0,000	0,000	0,000	
be pure      	0,000	0,000	3,382	0,000	0,000	0,000	0,000	
be quiet     	0,000	2,724	0,000	0,000	0,000	0,000	0,000	
be raw       	0,000	0,000	0,000	0,000	0,000	0,000	4,227	
be real      	0,000	0,000	0,000	0,000	1,839	0,000	0,000	
be relationship	0,000	0,000	4,429	0,000	0,000	0,000	0,000	
be relax     	0,000	11,132	0,000	0,000	0,000	6,850	0,000	
be reliable  	0,000	0,000	0,000	0,000	10,969	0,000	0,000	
be rely      	0,000	0,000	0,000	0,000	5,484	0,000	0,000	
be romance   	0,000	0,000	4,352	0,000	0,000	0,000	0,000	
be romantic  	0,000	0,000	9,204	0,000	0,000	0,000	0,000	
be rude      	0,000	0,000	0,000	0,000	0,000	0,000	10,690	
be sad       	0,000	0,000	0,000	0,000	0,000	0,000	7,806	
be scare     	0,000	0,000	0,000	0,000	0,000	0,000	2,808	
be scared    	0,000	0,000	0,000	0,000	0,000	0,000	3,263	
be seductive 	0,000	0,000	5,107	0,000	0,000	0,000	0,000	
be selfish   	0,000	0,000	0,000	0,000	0,000	0,000	9,042	
be sensual   	0,000	0,000	5,107	0,000	0,000	0,000	0,000	
be sentimental	0,000	0,000	9,264	0,000	0,000	0,000	0,000	
be sexual    	0,000	0,000	5,026	0,000	0,000	0,000	0,000	
be sexy      	0,000	0,000	6,767	0,000	0,000	0,000	0,000	
be shameful  	0,000	0,000	0,000	0,000	0,000	0,000	6,177	
be share     	0,000	0,000	0,000	0,000	2,948	0,000	0,000	
be shine     	0,000	0,000	0,000	0,000	0,000	4,333	0,000	
be shocking  	0,000	0,000	0,000	0,000	0,000	0,000	4,143	
be silly     	0,000	0,000	0,000	0,000	0,000	0,000	6,039	
be simple    	0,000	11,560	0,000	0,000	0,000	0,000	0,000	
be sincere   	0,000	0,000	0,000	0,000	9,310	3,103	0,000	
be smart     	2,336	0,000	0,000	0,000	0,000	0,000	0,000	
be smile     	0,000	0,000	0,000	6,669	0,000	2,501	0,000	
be smooth    	0,000	2,996	0,000	0,000	0,000	0,000	0,000	
be soft      	0,000	8,736	0,000	0,000	0,000	0,000	0,000	
be son       	0,000	0,000	0,000	2,872	0,000	0,000	0,000	
be soulmate  	0,000	0,000	5,831	0,000	0,000	0,000	0,000	
be struggle  	0,000	0,000	0,000	0,000	0,000	0,000	4,558	
be student   	0,000	0,000	0,000	3,368	0,000	0,000	0,000	
be success   	0,000	0,000	0,000	0,000	0,000	2,861	0,000	
be superhero 	0,000	0,000	0,000	2,824	0,000	0,000	0,000	
be support   	0,000	0,000	0,000	0,000	4,053	0,000	0,000	
be sweet     	0,000	0,000	2,410	1,808	0,000	9,039	0,000	
be tale      	0,000	0,000	0,000	5,670	0,000	0,000	0,000	
be teen      	0,000	0,000	0,000	0,000	9,870	6,580	0,000	
be teenager  	0,000	0,000	0,000	1,772	0,000	0,000	0,000	
be tender    	0,000	7,665	0,000	5,365	0,000	7,665	0,000	
be terrible  	0,000	0,000	0,000	0,000	0,000	0,000	3,128	
be thief     	0,000	0,000	0,000	0,000	0,000	0,000	10,851	
be thrilling 	0,000	0,000	0,000	0,000	0,000	0,000	2,618	
be tire      	0,000	4,840	0,000	0,000	0,000	0,000	0,000	
be touch     	0,000	0,000	4,831	0,000	2,415	0,000	0,000	
be tough     	0,000	0,000	0,000	0,000	0,000	0,000	3,945	
be toy       	0,000	0,000	0,000	3,251	0,000	0,000	0,000	
be triumph   	0,000	0,000	0,000	0,000	0,000	2,846	0,000	
be trust     	0,000	0,000	2,489	0,000	8,298	0,000	0,000	
be unpredictable	11,938	0,000	0,000	0,000	0,000	0,000	0,000	
be victim    	0,000	0,000	0,000	0,000	0,000	0,000	3,470	
be villain   	0,000	0,000	0,000	0,000	0,000	0,000	4,667	
be violence  	0,000	0,000	0,000	0,000	0,000	0,000	8,261	
be violent   	0,000	0,000	0,000	0,000	0,000	0,000	11,014	
be war       	0,000	0,000	0,000	0,000	0,000	0,000	8,594	
be wife      	0,000	0,000	2,996	0,000	0,000	0,000	0,000	
be win       	0,000	0,000	0,000	0,000	0,000	2,662	0,000	
be witty     	0,000	0,000	0,000	0,000	0,000	5,163	0,000	
be young     	0,000	0,000	0,000	7,579	0,000	0,000	0,000	
be youth     	0,000	0,000	0,000	2,776	0,000	0,000	0,000	
beautiful adventure	0,000	0,000	0,000	6,524	0,000	0,000	0,000	
beautiful animated	0,000	0,000	0,000	6,177	0,000	0,000	0,000	
beautiful couple	0,000	0,000	5,975	0,000	0,000	0,000	0,000	
beautiful effective	0,000	0,000	0,000	0,000	0,000	0,000	5,975	
beautiful evocative	0,000	0,000	6,177	0,000	0,000	0,000	0,000	
beautiful funny	0,000	0,000	0,000	0,000	5,002	0,000	0,000	
beautiful landscape	0,000	10,215	0,000	0,000	0,000	0,000	0,000	
beautiful location	0,000	9,957	0,000	0,000	0,000	0,000	0,000	
beautiful princess	0,000	0,000	0,000	5,242	0,000	0,000	0,000	
beautiful sentimental	0,000	0,000	6,524	0,000	0,000	0,000	0,000	
beauty       	0,000	0,000	1,867	0,000	0,000	0,000	0,000	
beauty nature	0,000	10,969	0,000	0,000	0,000	0,000	0,000	
bed          	0,000	7,669	0,000	0,000	0,000	0,000	0,000	
bedtime      	0,000	7,338	0,000	0,000	0,000	0,000	0,000	
belief       	0,000	0,000	0,000	0,000	2,459	0,000	0,000	
believable romance	0,000	0,000	5,975	0,000	0,000	0,000	0,000	
beloved      	0,000	0,000	3,622	0,000	0,000	0,000	0,000	
benevolence  	0,000	0,000	3,983	0,000	0,000	0,000	0,000	
best friend  	0,000	0,000	0,000	0,000	7,097	0,000	0,000	
betrayal     	0,000	0,000	0,000	0,000	0,000	0,000	2,078	
big brother  	0,000	0,000	0,000	5,138	0,000	0,000	0,000	
big dream    	0,000	0,000	0,000	7,626	0,000	0,000	0,000	
bitter       	0,000	0,000	0,000	0,000	0,000	0,000	5,769	
bless        	0,000	0,000	0,000	0,000	0,000	4,064	0,000	
bliss        	0,000	0,000	0,000	0,000	0,000	2,373	0,000	
blissful     	0,000	0,000	0,000	0,000	0,000	3,701	0,000	
blood        	0,000	0,000	0,000	0,000	0,000	0,000	5,899	
bloody       	0,000	0,000	0,000	0,000	0,000	0,000	2,518	
boxing       	0,000	0,000	0,000	0,000	0,000	0,000	2,524	
boyfriend    	0,000	0,000	7,171	0,000	0,000	0,000	0,000	
brain        	6,296	0,000	0,000	0,000	0,000	0,000	0,000	
brain teaser 	4,118	0,000	0,000	0,000	0,000	0,000	0,000	
break        	0,000	0,000	0,000	0,000	0,000	0,000	2,069	
break heart  	0,000	0,000	8,758	0,000	0,000	0,000	0,000	
breathe      	0,000	2,604	0,000	0,000	0,000	0,000	0,000	
breathtaking 	1,581	0,000	0,000	0,000	0,000	0,000	0,000	
breathtaking landscape	4,118	0,000	0,000	0,000	0,000	0,000	0,000	
breathtaking scene	3,617	0,000	0,000	0,000	0,000	0,000	0,000	
bright       	0,000	0,000	0,000	0,000	0,000	2,319	0,000	
brilliant    	0,000	0,000	0,000	0,000	0,000	0,000	0,000	
brother      	0,000	0,000	0,000	0,000	6,296	0,000	0,000	
call         	0,000	0,000	0,000	0,000	1,414	0,000	0,000	
calm         	0,000	11,191	0,000	0,000	0,000	0,000	0,000	
calm relax   	0,000	4,349	0,000	0,000	0,000	0,000	0,000	
calm serene  	0,000	4,118	0,000	0,000	0,000	0,000	0,000	
calming voice	0,000	6,177	0,000	0,000	0,000	0,000	0,000	
captivate    	4,849	0,000	1,818	0,000	0,000	0,000	0,000	
captivating  	2,285	0,000	0,000	0,000	0,000	0,000	0,000	
capture      	9,120	0,000	0,000	0,000	0,000	0,000	0,000	
capture attention	10,506	0,000	0,000	0,000	0,000	0,000	0,000	
capture emotion	3,263	0,000	0,000	0,000	0,000	0,000	0,000	
capture heart	0,000	0,000	2,948	0,000	0,000	0,000	0,000	
care         	0,000	0,000	2,912	0,000	5,533	0,000	0,000	
careful      	1,710	0,000	0,000	0,000	0,000	0,000	0,000	
cartoon      	0,000	0,000	0,000	7,440	0,000	4,579	0,000	
cause pain   	0,000	0,000	0,000	0,000	0,000	0,000	6,177	
celebrate    	0,000	0,000	6,629	0,000	0,000	2,651	0,000	
celebrate life	0,000	0,000	0,000	0,000	0,000	9,718	0,000	
center       	2,342	0,000	0,000	0,000	0,000	0,000	0,000	
cerebral     	2,113	0,000	0,000	0,000	0,000	0,000	0,000	
certainty    	0,000	0,000	0,000	0,000	3,521	0,000	0,000	
challenge    	3,390	0,000	0,000	0,000	0,000	0,000	0,000	
change life  	2,740	0,000	0,000	0,000	0,000	0,000	0,000	
change perception	3,656	0,000	0,000	0,000	0,000	0,000	0,000	
charity      	0,000	0,000	0,000	0,000	0,000	2,130	0,000	
charming     	0,000	0,000	2,119	2,119	0,000	0,000	0,000	
chase dream  	0,000	0,000	0,000	3,582	0,000	0,000	0,000	
cheater      	0,000	0,000	0,000	0,000	0,000	0,000	2,814	
cheerful     	0,000	0,000	0,000	0,000	0,000	4,776	0,000	
chemistry    	0,000	0,000	9,425	0,000	0,000	0,000	0,000	
chemistry moment	0,000	0,000	6,524	6,524	0,000	0,000	0,000	
cherish      	0,000	0,000	3,999	0,000	0,000	0,000	0,000	
child        	0,000	0,000	0,000	2,429	0,000	0,000	0,000	
child imagination	0,000	0,000	0,000	3,813	0,000	0,000	0,000	
child learn  	0,000	0,000	0,000	10,052	0,000	0,000	0,000	
child thing  	0,000	0,000	0,000	6,524	0,000	0,000	0,000	
childhood    	0,000	0,000	0,000	5,845	0,000	4,782	0,000	
childhood be 	0,000	0,000	0,000	0,000	0,000	4,746	0,000	
childhood memory	0,000	0,000	0,000	3,073	0,000	0,000	0,000	
childish     	0,000	0,000	0,000	0,000	0,000	0,000	3,020	
chill        	0,000	3,386	0,000	0,000	0,000	0,000	0,000	
christmas    	0,000	0,000	0,000	2,759	0,000	0,000	0,000	
clear        	0,000	0,000	0,000	0,000	0,000	0,000	0,000	
climax       	3,573	0,000	0,000	0,000	0,000	0,000	0,000	
close attention	5,876	0,000	0,000	0,000	0,000	0,000	0,000	
close heart  	0,000	0,000	5,170	0,000	0,000	0,000	0,000	
closeness    	0,000	0,000	0,000	0,000	3,319	0,000	0,000	
cold         	0,000	0,000	0,000	0,000	0,000	0,000	1,873	
cold blood   	0,000	0,000	0,000	0,000	0,000	0,000	10,104	
color        	0,000	0,000	0,000	1,393	0,000	0,000	0,000	
come true    	0,000	0,000	2,762	0,000	0,000	0,000	0,000	
comedian     	0,000	0,000	0,000	0,000	0,000	4,139	0,000	
comedy       	0,000	3,237	0,000	1,214	1,619	1,214	0,000	
comedy movie 	0,000	0,000	0,000	0,000	0,000	4,414	0,000	
comic        	0,000	3,206	0,000	0,000	1,202	3,367	0,000	
comic act    	0,000	0,000	0,000	0,000	0,000	6,524	0,000	
comic moment 	0,000	0,000	0,000	0,000	9,752	4,876	0,000	
comic scene  	0,000	0,000	0,000	0,000	0,000	5,484	0,000	
comical      	0,000	0,000	0,000	0,000	2,639	0,000	0,000	
companion    	0,000	0,000	0,000	0,000	2,677	0,000	0,000	
company      	0,000	0,000	0,000	0,000	10,494	0,000	0,000	
compelling   	1,468	0,000	0,000	0,000	0,000	0,000	0,000	
complex      	10,066	0,000	0,000	0,000	0,000	0,000	0,000	
complex character	2,839	0,000	0,000	0,000	0,000	0,000	0,000	
complex engage	4,349	0,000	0,000	0,000	0,000	0,000	0,000	
complex engaging	3,983	0,000	0,000	0,000	0,000	0,000	0,000	
complex message	5,975	0,000	0,000	0,000	0,000	0,000	0,000	
complex plot 	9,411	0,000	0,000	0,000	0,000	0,000	0,000	
complex puzzle	6,524	0,000	0,000	0,000	0,000	0,000	0,000	
complex story	3,002	0,000	0,000	0,000	0,000	0,000	0,000	
complex storyline	5,994	0,000	0,000	0,000	0,000	0,000	0,000	
complex watch	7,207	0,000	0,000	0,000	0,000	0,000	0,000	
complex world	3,582	0,000	0,000	0,000	0,000	0,000	0,000	
complexity   	2,530	0,000	0,000	0,000	0,000	0,000	0,000	
complicate   	2,795	0,000	0,000	0,000	0,000	0,000	0,000	
comprehend   	2,230	0,000	0,000	0,000	0,000	0,000	0,000	
concentrate  	6,504	0,000	0,000	0,000	0,000	0,000	0,000	
concentration	3,052	0,000	0,000	0,000	0,000	0,000	0,000	
concept      	3,192	0,000	0,000	0,000	0,000	0,000	0,000	
concerned    	0,000	0,000	0,000	0,000	2,722	0,000	0,000	
confidant    	0,000	0,000	0,000	0,000	3,550	0,000	0,000	
confide      	0,000	0,000	0,000	0,000	10,118	0,000	0,000	
confidence   	0,000	0,000	0,000	0,000	5,026	0,000	0,000	
confuse      	3,537	0,000	0,000	0,000	0,000	0,000	0,000	
confusion    	2,047	0,000	0,000	0,000	0,000	0,000	0,000	
connection   	0,000	0,000	8,220	0,000	0,000	0,000	0,000	
consequence  	2,724	0,000	0,000	0,000	0,000	0,000	0,000	
content      	0,000	0,000	0,000	0,000	0,000	2,295	0,000	
continuous   	2,388	0,000	0,000	0,000	0,000	0,000	0,000	
conversation real	4,118	0,000	0,000	0,000	0,000	0,000	0,000	
couch        	0,000	4,539	0,000	0,000	0,000	0,000	0,000	
count        	0,000	0,000	0,000	0,000	4,171	0,000	0,000	
couple       	0,000	0,000	4,824	0,000	0,000	0,000	0,000	
couple love  	0,000	0,000	5,425	0,000	0,000	0,000	0,000	
coward       	0,000	0,000	0,000	0,000	0,000	0,000	3,368	
crazy        	0,000	0,000	0,000	0,000	0,000	1,756	0,000	
crazy comedy 	0,000	0,000	0,000	0,000	0,000	6,177	0,000	
create problem	0,000	0,000	0,000	0,000	0,000	0,000	6,524	
creative     	0,000	0,000	0,000	1,517	0,000	0,000	0,000	
credibility  	0,000	0,000	0,000	0,000	2,857	0,000	0,000	
creepy       	0,000	0,000	0,000	0,000	0,000	0,000	1,743	
cruel        	0,000	0,000	0,000	0,000	0,000	0,000	10,493	
cruelty      	0,000	0,000	0,000	0,000	0,000	0,000	10,125	
cruelty life 	0,000	0,000	0,000	0,000	0,000	0,000	6,524	
crush        	0,000	0,000	2,948	0,000	0,000	0,000	0,000	
cry          	0,000	0,000	0,000	0,000	1,271	0,000	1,271	
culture      	1,520	0,000	0,000	0,000	0,000	0,000	0,000	
curiosity    	0,000	0,000	0,000	4,686	0,000	0,000	0,000	
curious      	0,000	0,000	0,000	2,602	0,000	0,000	0,000	
curse        	0,000	0,000	0,000	0,000	0,000	0,000	7,357	
cute         	0,000	0,000	5,308	8,493	0,000	0,000	0,000	
cute couple  	0,000	0,000	5,831	0,000	0,000	0,000	0,000	
cutie        	0,000	0,000	0,000	2,641	0,000	0,000	0,000	
dad          	0,000	0,000	0,000	2,925	0,000	0,000	0,000	
dark         	0,000	0,000	0,000	0,000	0,000	0,000	4,069	
darling      	0,000	0,000	3,088	0,000	0,000	0,000	0,000	
date         	0,000	0,000	5,936	0,000	0,000	0,000	0,000	
date movie   	0,000	0,000	2,938	0,000	0,000	0,000	0,000	
death        	0,000	0,000	0,000	0,000	0,000	0,000	1,537	
death be     	0,000	0,000	0,000	0,000	0,000	0,000	2,814	
deceit       	0,000	0,000	0,000	0,000	0,000	0,000	3,239	
decipher     	2,489	0,000	0,000	0,000	0,000	0,000	0,000	
decrease     	0,000	5,831	0,000	0,000	0,000	0,000	0,000	
deep         	2,162	0,000	7,372	0,000	0,000	0,000	0,000	
deep complex 	9,042	0,000	0,000	0,000	0,000	0,000	0,000	
deep connection	0,000	0,000	5,373	0,000	0,000	0,000	0,000	
deep emotion 	0,000	0,000	8,736	0,000	0,000	0,000	0,000	
deep intricate	8,699	0,000	0,000	0,000	0,000	0,000	0,000	
deep meaning 	6,072	0,000	0,000	0,000	0,000	0,000	0,000	
deep romantic	0,000	0,000	3,983	0,000	0,000	0,000	0,000	
deep understanding	5,425	0,000	0,000	0,000	0,000	0,000	0,000	
defeat enemy 	0,000	0,000	0,000	0,000	0,000	0,000	6,177	
delicate     	0,000	3,953	0,000	0,000	0,000	0,000	0,000	
delicious    	0,000	0,000	0,000	2,688	0,000	0,000	0,000	
delight      	0,000	0,000	0,000	0,000	0,000	4,464	0,000	
delight eye  	2,776	0,000	0,000	0,000	0,000	5,551	0,000	
delightful   	0,000	0,000	0,000	2,207	0,000	0,000	0,000	
deplorable   	0,000	0,000	0,000	0,000	0,000	0,000	3,813	
depress      	0,000	0,000	0,000	0,000	0,000	0,000	3,216	
depth        	6,515	0,000	0,000	0,000	0,000	0,000	0,000	
depth look   	4,680	0,000	0,000	0,000	0,000	0,000	0,000	
depth relationship	3,983	0,000	0,000	0,000	0,000	0,000	0,000	
deserve die  	0,000	0,000	0,000	0,000	0,000	0,000	5,975	
desire       	0,000	0,000	8,072	0,000	0,000	0,000	0,000	
desire love  	0,000	0,000	2,776	0,000	0,000	0,000	0,000	
desperate    	0,000	0,000	0,000	0,000	0,000	0,000	2,780	
detail       	3,538	0,000	0,000	0,000	0,000	0,000	0,000	
detective    	1,798	0,000	0,000	0,000	0,000	0,000	0,000	
devotion     	0,000	0,000	0,000	0,000	2,774	0,000	0,000	
difficult    	9,059	0,000	0,000	0,000	0,000	0,000	0,000	
difficult film	3,701	0,000	0,000	0,000	0,000	0,000	0,000	
difficult understand	9,532	0,000	0,000	0,000	0,000	0,000	0,000	
direct       	0,000	4,220	0,000	0,000	0,000	0,000	0,000	
dirty        	0,000	0,000	0,000	0,000	0,000	0,000	4,804	
discover     	2,067	0,000	0,000	0,000	0,000	0,000	0,000	
disgust      	0,000	0,000	0,000	0,000	0,000	0,000	6,104	
dishonest    	0,000	0,000	0,000	0,000	0,000	0,000	7,966	
dissatisfaction	0,000	0,000	0,000	0,000	0,000	0,000	5,628	
distract     	0,000	0,000	0,000	0,000	0,000	0,000	0,000	
disturbing   	0,000	0,000	0,000	0,000	0,000	0,000	4,530	
do wrong     	0,000	0,000	0,000	0,000	0,000	0,000	5,170	
doll         	0,000	0,000	0,000	2,238	0,000	0,000	0,000	
drama        	0,000	0,000	1,049	0,000	0,000	0,000	0,000	
dramatic     	0,000	0,000	0,000	0,000	0,000	0,000	9,812	
dramatic landscape	0,000	0,000	0,000	0,000	0,000	0,000	6,524	
dramatic situation	0,000	0,000	0,000	0,000	0,000	0,000	5,719	
dream        	0,000	0,000	1,969	6,597	0,000	0,000	0,000	
dream kid    	0,000	0,000	0,000	4,349	0,000	0,000	0,000	
dream life   	0,000	0,000	3,656	0,000	0,000	0,000	0,000	
dream movie  	0,000	0,000	5,325	5,325	0,000	0,000	0,000	
dream sequence	0,000	0,000	0,000	3,096	0,000	0,000	0,000	
dreamlike    	0,000	0,000	0,000	2,289	0,000	0,000	0,000	
dreamy       	0,000	0,000	3,080	0,000	0,000	0,000	0,000	
dreamy kiss  	0,000	0,000	4,349	0,000	0,000	0,000	0,000	
drunk        	0,000	0,000	0,000	0,000	0,000	0,000	2,108	
ease         	0,000	1,964	0,000	0,000	0,000	0,000	0,000	
easy         	0,000	2,487	0,000	0,000	0,000	0,000	0,000	
easy follow  	0,000	6,987	0,000	0,000	0,000	0,000	0,000	
easy understand	0,000	9,264	0,000	0,000	0,000	0,000	0,000	
easy watch   	0,000	9,097	0,000	0,000	0,000	0,000	0,000	
educate      	1,681	0,000	0,000	0,000	0,000	0,000	0,000	
education    	1,763	0,000	0,000	2,204	0,000	0,000	0,000	
educational  	2,740	2,740	0,000	0,000	0,000	0,000	0,000	
egotistical  	0,000	0,000	0,000	0,000	0,000	0,000	3,276	
elaborate    	2,729	0,000	0,000	0,000	0,000	0,000	0,000	
emotion      	2,686	0,000	8,237	0,000	0,000	0,000	2,686	
emotion passion	0,000	0,000	3,582	0,000	0,000	0,000	0,000	
emotional    	0,000	0,000	9,136	0,000	0,000	0,000	0,000	
emotional desire	0,000	0,000	4,349	0,000	0,000	0,000	0,000	
empathize    	2,170	0,000	0,000	0,000	0,000	0,000	0,000	
empathy      	0,000	0,000	0,000	0,000	2,686	0,000	0,000	
emphasize    	2,049	0,000	0,000	0,000	0,000	0,000	0,000	
enchant      	0,000	0,000	0,000	7,079	0,000	0,000	0,000	
enchant child	0,000	0,000	0,000	6,177	0,000	0,000	0,000	
encourage    	0,000	0,000	0,000	0,000	9,013	0,000	0,000	
enemy        	0,000	0,000	0,000	0,000	0,000	0,000	1,391	
energy       	0,000	0,000	0,000	0,000	0,000	4,010	0,000	
energy be    	0,000	0,000	0,000	0,000	0,000	3,304	0,000	
engage       	0,000	0,000	0,000	0,000	0,000	0,000	0,000	
engage plot  	6,673	0,000	0,000	0,000	0,000	0,000	0,000	
engage sad   	4,118	0,000	0,000	0,000	0,000	0,000	0,000	
engaging     	9,204	0,000	0,000	0,000	0,000	0,000	0,000	
engaging thriller	4,349	0,000	0,000	0,000	0,000	0,000	0,000	
enigma       	5,647	0,000	0,000	0,000	0,000	0,000	0,000	
enigmatic    	9,490	0,000	0,000	0,000	0,000	0,000	0,000	
enigmatic character	6,566	0,000	0,000	0,000	0,000	0,000	0,000	
enjoy        	0,000	0,000	1,204	0,903	0,903	2,830	0,000	
enjoy life   	0,000	0,000	0,000	0,000	0,000	9,287	0,000	
enjoyable    	0,000	0,891	0,000	0,000	0,000	0,000	0,000	
enlighten    	1,322	0,000	0,000	0,000	0,000	0,000	0,000	
enrage       	0,000	0,000	0,000	0,000	0,000	0,000	3,887	
enraged      	0,000	0,000	0,000	0,000	0,000	0,000	2,776	
entertaining 	0,000	3,909	0,000	0,000	2,737	0,000	0,000	
entertaining movie	3,481	0,000	0,000	0,000	0,000	0,000	0,000	
entertainment	0,000	0,000	0,000	1,918	0,000	0,000	0,000	
epic scene   	3,582	0,000	0,000	0,000	0,000	0,000	0,000	
erudite      	3,582	0,000	0,000	0,000	0,000	0,000	0,000	
euphoria     	0,000	0,000	0,000	0,000	0,000	3,752	0,000	
evil         	0,000	0,000	0,000	0,000	0,000	0,000	1,566	
evocation primitive	0,000	0,000	6,524	0,000	0,000	0,000	0,000	
evoke        	0,000	0,000	2,495	0,000	0,000	0,000	0,000	
evoke memory 	0,000	0,000	0,000	3,752	0,000	0,000	0,000	
evolve       	2,583	0,000	0,000	0,000	0,000	0,000	0,000	
exacerbate   	0,000	0,000	0,000	0,000	0,000	0,000	3,887	
exasperation 	0,000	0,000	0,000	0,000	0,000	0,000	3,983	
excellent study	0,000	0,000	0,000	3,813	0,000	0,000	0,000	
excite       	0,000	0,000	0,000	0,000	0,000	4,194	0,000	
exciting     	0,000	0,000	0,000	0,000	0,000	7,546	0,000	
exhaust      	1,974	0,000	0,000	0,000	0,000	0,000	0,000	
explain      	2,180	0,000	0,000	0,000	0,000	0,000	0,000	
explosion color	0,000	0,000	0,000	4,349	0,000	0,000	0,000	
express      	0,000	0,000	0,000	0,000	1,408	0,000	0,000	
express feel 	0,000	0,000	6,524	0,000	0,000	0,000	0,000	
express passion	0,000	0,000	3,887	0,000	0,000	0,000	0,000	
extraordinary	0,000	0,000	0,000	0,000	0,000	2,098	0,000	
fable        	0,000	0,000	0,000	6,614	0,000	0,000	0,000	
fabulous     	0,000	0,000	0,000	0,000	0,000	4,971	0,000	
fairy        	0,000	0,000	0,000	10,779	0,000	0,000	0,000	
fairy tale   	0,000	0,000	0,000	8,422	0,000	0,000	0,000	
fairytale    	0,000	0,000	0,000	2,179	0,000	0,000	0,000	
faith        	0,000	0,000	0,000	0,000	10,219	0,000	0,000	
faithful     	0,000	0,000	0,000	0,000	8,702	0,000	0,000	
fall love    	0,000	0,000	8,072	0,000	0,000	0,000	0,000	
false        	0,000	0,000	0,000	0,000	0,000	0,000	6,883	
family       	0,000	0,000	0,000	2,837	0,000	0,000	0,000	
family learn 	0,000	0,000	0,000	5,282	0,000	0,000	0,000	
family love  	0,000	0,000	0,000	2,558	0,000	0,000	0,000	
family movie 	0,000	0,000	0,000	2,339	0,000	0,000	0,000	
fancy        	0,000	0,000	0,000	7,171	0,000	0,000	0,000	
fantastic    	0,000	0,000	0,000	0,000	0,000	0,000	0,000	
fantastical  	0,000	0,000	0,000	2,218	0,000	0,000	0,000	
fantasy      	0,000	0,000	0,000	3,740	0,000	5,343	0,000	
fantasy comedy	0,000	0,000	0,000	0,000	0,000	6,177	0,000	
fantasy reality	0,000	0,000	0,000	5,170	0,000	5,170	0,000	
fascinating  	0,000	0,000	4,890	0,000	0,000	1,467	0,000	
fascination  	0,000	0,000	2,737	0,000	0,000	0,000	0,000	
fast         	0,000	6,487	0,000	0,000	0,000	0,000	0,000	
fast pace    	0,000	2,876	0,000	0,000	0,000	0,000	0,000	
favorite cartoon	0,000	0,000	0,000	3,701	0,000	0,000	0,000	
fear         	0,000	0,000	0,000	0,000	0,000	0,000	7,203	
fear be      	0,000	0,000	0,000	0,000	0,000	0,000	2,811	
feel         	0,000	0,000	4,243	0,000	0,000	0,000	0,000	
feel alive   	0,000	0,000	0,000	0,000	0,000	5,138	0,000	
feel bad     	0,000	0,000	0,000	0,000	0,000	0,000	10,563	
feel connection	0,000	0,000	5,484	0,000	0,000	0,000	0,000	
feel emotion 	4,632	0,000	9,264	0,000	0,000	0,000	0,000	
feel frustration	0,000	0,000	0,000	0,000	0,000	0,000	6,177	
feel good    	0,000	0,000	1,764	0,000	0,000	9,409	0,000	
feel guilty  	0,000	0,000	0,000	0,000	0,000	0,000	5,719	
feel lonely  	0,000	0,000	0,000	0,000	0,000	0,000	6,524	
feel pain    	0,000	0,000	0,000	0,000	0,000	0,000	9,059	
feel passion 	0,000	0,000	3,582	0,000	0,000	0,000	0,000	
feel thing   	0,000	0,000	7,626	0,000	0,000	0,000	0,000	
feel touch   	0,000	0,000	5,138	0,000	0,000	0,000	0,000	
feel true    	0,000	0,000	0,000	3,582	0,000	0,000	0,000	
feeling      	0,000	0,000	10,414	1,893	1,420	0,000	0,000	
fellow       	0,000	0,000	0,000	0,000	1,842	0,000	0,000	
fellowship   	0,000	0,000	0,000	0,000	2,860	0,000	0,000	
ferocious    	0,000	0,000	0,000	0,000	0,000	0,000	3,227	
fiction      	0,000	2,779	0,000	1,853	1,853	0,000	0,000	
fierce       	0,000	0,000	0,000	0,000	0,000	0,000	2,113	
fight        	0,000	0,000	0,000	0,000	0,000	0,000	4,817	
fight be     	0,000	0,000	0,000	0,000	0,000	0,000	3,566	
fight blood  	0,000	0,000	0,000	0,000	0,000	0,000	4,118	
fight fear   	0,000	0,000	0,000	0,000	0,000	0,000	6,177	
fight scene  	0,000	0,000	0,000	0,000	0,000	0,000	5,581	
film clear   	0,000	6,177	0,000	0,000	0,000	0,000	0,000	
film dream   	0,000	0,000	0,000	10,563	0,000	0,000	0,000	
film slow    	5,002	0,000	0,000	0,000	0,000	0,000	0,000	
find solution	6,673	0,000	0,000	0,000	0,000	0,000	0,000	
first kiss   	0,000	0,000	2,641	0,000	0,000	0,000	0,000	
first love   	0,000	0,000	7,842	0,000	0,000	0,000	0,000	
first meet   	0,000	0,000	7,626	0,000	0,000	0,000	0,000	
flash humor  	0,000	0,000	0,000	0,000	6,177	4,118	0,000	
flirt        	0,000	0,000	3,290	0,000	0,000	0,000	0,000	
fluent       	0,000	12,425	0,000	0,000	0,000	0,000	0,000	
focal        	2,513	0,000	0,000	0,000	0,000	0,000	0,000	
focus        	10,171	0,000	0,000	0,000	0,000	0,000	0,000	
focus attention	10,650	0,000	0,000	0,000	0,000	0,000	0,000	
focus story  	8,158	0,000	0,000	0,000	0,000	0,000	0,000	
focus viewer 	4,118	0,000	0,000	0,000	0,000	0,000	0,000	
foolish      	0,000	0,000	0,000	0,000	0,000	0,000	3,447	
forgive      	0,000	0,000	0,000	0,000	7,779	0,000	0,000	
fortunate    	0,000	0,000	0,000	0,000	0,000	3,045	0,000	
frantic      	0,000	0,000	0,000	0,000	0,000	0,000	2,404	
friend       	0,000	0,000	0,000	1,205	7,393	0,000	0,000	
friend movie 	0,000	0,000	0,000	0,000	4,979	0,000	0,000	
friendship   	0,000	0,000	0,000	0,000	5,169	0,000	0,000	
frustration  	0,000	0,000	0,000	0,000	0,000	0,000	6,568	
full attention	3,263	0,000	0,000	0,000	0,000	0,000	0,000	
full color   	0,000	0,000	0,000	3,368	0,000	0,000	0,000	
full emotion 	0,000	0,000	3,405	0,000	0,000	0,000	0,000	
full love    	0,000	0,000	5,026	0,000	0,000	0,000	0,000	
fun          	0,000	1,795	0,000	1,436	1,723	6,748	0,000	
fun entertaining	0,000	0,000	0,000	0,000	4,548	0,000	0,000	
fun movie    	0,000	0,000	0,000	0,000	2,256	0,000	0,000	
fun sweet    	0,000	0,000	3,617	0,000	3,617	0,000	0,000	
funny        	0,000	2,510	0,000	3,586	1,936	5,307	0,000	
funny act    	0,000	3,550	0,000	0,000	0,000	0,000	0,000	
funny awkward	0,000	0,000	0,000	0,000	3,813	3,813	0,000	
funny comedian	0,000	0,000	0,000	0,000	0,000	5,831	0,000	
funny movie  	0,000	0,000	0,000	0,000	0,000	0,000	0,000	
furious      	0,000	0,000	0,000	0,000	0,000	0,000	4,705	
fury         	0,000	0,000	0,000	0,000	0,000	0,000	8,756	
gag          	0,000	3,218	0,000	0,000	2,011	0,000	0,000	
generous     	0,000	0,000	0,000	0,000	10,517	0,000	0,000	
genius       	1,133	0,000	0,000	0,000	0,000	0,000	0,000	
gentle       	0,000	9,469	0,000	0,000	0,000	0,000	0,000	
get enough   	0,000	0,000	3,887	0,000	0,000	0,000	0,000	
gift life    	0,000	0,000	0,000	3,701	0,000	0,000	0,000	
giggle       	0,000	0,000	0,000	5,295	0,000	0,000	0,000	
girl         	0,000	0,000	0,000	1,335	0,000	0,000	0,000	
girlfriend   	0,000	0,000	7,592	0,000	0,000	0,000	0,000	
give advice  	0,000	0,000	0,000	0,000	5,975	0,000	0,000	
give birth   	0,000	0,000	0,000	3,239	0,000	0,000	0,000	
give heart   	0,000	0,000	8,465	0,000	0,000	0,000	0,000	
give help    	0,000	0,000	0,000	0,000	5,628	0,000	0,000	
glamorous    	0,000	0,000	2,963	0,000	0,000	0,000	0,000	
glue         	0,000	0,000	0,000	0,000	0,000	0,000	0,000	
glue screen  	2,759	0,000	0,000	0,000	0,000	0,000	0,000	
go school    	0,000	0,000	0,000	3,521	0,000	0,000	0,000	
go wrong     	0,000	0,000	0,000	0,000	0,000	0,000	6,811	
goal         	0,000	0,000	0,000	0,000	0,000	3,763	0,000	
golden       	0,000	0,000	0,000	0,000	0,000	2,613	0,000	
good message 	0,000	0,000	0,000	2,933	0,000	0,000	0,000	
good mood    	0,000	0,000	0,000	0,000	0,000	10,563	0,000	
good time    	0,000	0,000	0,000	0,000	7,202	3,601	0,000	
good vibe    	0,000	0,000	0,000	0,000	0,000	4,349	0,000	
good win     	0,000	0,000	0,000	0,000	0,000	3,386	0,000	
goodwill     	0,000	0,000	0,000	0,000	3,521	0,000	0,000	
gossip       	0,000	0,000	0,000	0,000	2,373	0,000	0,000	
grace        	0,000	0,000	0,000	0,000	0,000	4,107	0,000	
graphic      	0,000	0,000	0,000	1,495	0,000	0,000	0,000	
grateful     	0,000	0,000	0,000	0,000	0,000	7,836	0,000	
gratitude    	0,000	0,000	0,000	0,000	6,502	2,438	0,000	
great animation	0,000	0,000	0,000	4,321	0,000	0,000	0,000	
great emotion	0,000	0,000	8,803	0,000	0,000	0,000	0,000	
great energy 	0,000	0,000	0,000	0,000	0,000	7,312	0,000	
great lesson 	0,000	0,000	0,000	3,146	0,000	0,000	0,000	
great rhythm 	0,000	4,349	0,000	0,000	0,000	0,000	0,000	
great time   	0,000	0,000	0,000	0,000	3,901	0,000	0,000	
grip         	0,000	2,330	0,000	0,000	0,000	0,000	0,000	
gross        	0,000	0,000	0,000	0,000	0,000	0,000	2,634	
grow         	1,399	0,000	0,000	1,399	0,000	0,000	0,000	
guide        	0,000	0,000	0,000	0,000	2,028	0,000	0,000	
guilty       	0,000	0,000	0,000	0,000	0,000	0,000	7,105	
happiness    	0,000	0,000	0,000	1,856	0,000	12,374	0,000	
happy        	0,000	0,000	0,000	1,310	0,000	8,207	0,000	
happy family 	0,000	0,000	0,000	5,205	0,000	0,000	0,000	
hard         	1,105	0,000	0,000	0,000	0,000	0,000	0,000	
hard understand	4,858	0,000	0,000	0,000	0,000	0,000	0,000	
harmony      	0,000	0,000	0,000	0,000	3,008	0,000	0,000	
harrowing    	0,000	0,000	0,000	0,000	0,000	0,000	2,717	
hatred       	0,000	0,000	0,000	0,000	0,000	0,000	4,280	
haunt        	1,704	0,000	0,000	0,000	0,000	0,000	0,000	
have attention	3,494	0,000	0,000	0,000	0,000	0,000	0,000	
have care    	0,000	0,000	0,000	0,000	5,052	0,000	0,000	
have chemistry	0,000	0,000	5,242	0,000	0,000	0,000	0,000	
have confidence	0,000	0,000	0,000	0,000	5,242	0,000	0,000	
have connection	0,000	0,000	5,026	0,000	0,000	0,000	0,000	
have enjoy   	0,000	0,000	0,000	4,498	0,000	0,000	0,000	
have fear    	0,000	0,000	0,000	0,000	0,000	0,000	3,617	
have feeling 	0,000	0,000	8,758	0,000	0,000	0,000	0,000	
have fun     	0,000	0,000	0,000	0,000	0,000	3,643	0,000	
have message 	0,000	0,000	0,000	3,194	0,000	0,000	0,000	
have passion 	0,000	0,000	5,138	0,000	0,000	0,000	0,000	
have smile   	0,000	0,000	0,000	3,447	0,000	0,000	0,000	
have soul    	5,079	0,000	0,000	0,000	0,000	0,000	0,000	
have struggle	0,000	0,000	0,000	0,000	0,000	0,000	5,205	
have suspense	4,840	0,000	0,000	0,000	0,000	0,000	0,000	
head turn    	9,252	0,000	0,000	0,000	0,000	0,000	0,000	
heart        	0,000	0,000	7,144	1,191	0,000	0,000	0,000	
heart beat   	0,000	0,000	6,580	0,000	0,000	0,000	0,000	
heart break  	0,000	0,000	9,170	0,000	0,000	0,000	5,002	
heart emotion	0,000	0,000	5,484	0,000	0,000	0,000	0,000	
heart warm   	0,000	0,000	3,227	0,000	0,000	0,000	0,000	
heartbreak   	0,000	0,000	0,000	0,000	0,000	0,000	7,421	
heartstrings 	0,000	0,000	4,667	0,000	0,000	0,000	0,000	
heavenly     	0,000	0,000	0,000	2,513	0,000	0,000	0,000	
help         	0,000	0,000	0,000	0,000	0,000	0,000	0,000	
help hand    	0,000	0,000	0,000	0,000	5,719	0,000	0,000	
help relax   	0,000	4,118	0,000	0,000	0,000	0,000	0,000	
hero         	0,000	0,000	0,000	2,663	0,000	0,000	0,000	
hero story   	0,000	0,000	0,000	3,239	0,000	0,000	0,000	
hide meaning 	4,118	0,000	0,000	0,000	0,000	0,000	0,000	
hide something	4,118	0,000	0,000	0,000	0,000	0,000	0,000	
high fidelity	4,349	0,000	0,000	0,000	0,000	0,000	0,000	
hilarious    	0,000	4,559	0,000	1,824	1,824	7,750	0,000	
hilarious moment	0,000	0,000	0,000	0,000	4,776	9,552	0,000	
historical   	3,003	0,000	0,000	0,000	0,000	0,000	0,000	
historical movie	8,012	0,000	0,000	0,000	0,000	0,000	0,000	
history      	2,204	0,000	0,000	0,000	0,000	0,000	0,000	
hit          	0,000	0,000	1,865	0,000	0,000	0,000	1,119	
hit deep     	0,000	0,000	3,983	0,000	0,000	0,000	0,000	
hit hard     	0,000	0,000	3,701	0,000	0,000	0,000	0,000	
hold arm     	0,000	0,000	3,887	0,000	0,000	0,000	0,000	
hold attention	4,655	0,000	0,000	0,000	0,000	0,000	0,000	
holiday      	0,000	0,000	0,000	2,422	0,000	0,000	0,000	
honest       	0,000	0,000	0,000	0,000	1,258	0,000	0,000	
honey        	0,000	0,000	6,702	0,000	0,000	0,000	0,000	
hope future  	0,000	0,000	0,000	4,858	0,000	0,000	0,000	
hostility    	0,000	0,000	0,000	0,000	0,000	0,000	5,205	
hot          	0,000	0,000	4,254	0,000	0,000	0,000	0,000	
hour company 	0,000	10,296	0,000	0,000	0,000	0,000	0,000	
hug          	0,000	0,000	3,096	2,322	6,037	0,000	0,000	
human cruelty	0,000	0,000	0,000	0,000	3,887	0,000	5,831	
human emotion	0,000	0,000	2,714	0,000	0,000	0,000	0,000	
human feeling	0,000	0,000	3,368	0,000	0,000	0,000	0,000	
human nature 	1,981	0,000	0,000	0,000	0,000	0,000	0,000	
humiliating  	0,000	0,000	0,000	0,000	0,000	0,000	8,442	
humor        	0,000	0,000	0,000	1,244	0,000	1,659	0,000	
humor brilliant	0,000	0,000	0,000	0,000	0,000	3,701	0,000	
hurt heart   	0,000	0,000	0,000	0,000	0,000	0,000	6,177	
hurt people  	0,000	0,000	0,000	0,000	0,000	0,000	3,887	
husband      	0,000	0,000	5,096	0,000	0,000	0,000	0,000	
hypocrite    	0,000	0,000	0,000	0,000	0,000	0,000	5,377	
idea         	1,380	0,000	0,000	0,000	0,000	0,000	0,000	
illusion     	0,000	0,000	0,000	4,335	0,000	0,000	0,000	
imaginary    	0,000	0,000	0,000	9,310	0,000	0,000	0,000	
imagination  	0,000	0,000	0,000	8,783	0,000	0,000	0,000	
imagine      	0,000	0,000	0,000	1,311	0,000	0,000	0,000	
immediate    	0,000	9,862	0,000	0,000	0,000	0,000	0,000	
immersion    	5,282	0,000	0,000	0,000	0,000	0,000	0,000	
importance   	1,878	0,000	0,000	0,000	0,000	0,000	0,000	
impossible understand	6,524	0,000	0,000	0,000	0,000	0,000	0,000	
impress      	0,000	0,000	0,000	0,000	0,000	2,258	0,000	
impressive   	1,426	0,000	0,000	0,000	0,000	0,000	0,000	
impressive movie	3,080	0,000	0,000	0,000	0,000	0,000	0,000	
impressive scene	3,617	0,000	0,000	0,000	0,000	0,000	0,000	
incomprehensible	3,386	0,000	0,000	0,000	0,000	0,000	0,000	
incurable romantic	0,000	0,000	6,177	0,000	0,000	0,000	0,000	
indignation  	0,000	0,000	0,000	0,000	0,000	0,000	5,831	
infatuation  	0,000	0,000	5,052	0,000	0,000	0,000	0,000	
inform       	2,099	0,000	0,000	0,000	0,000	0,000	0,000	
innocent     	0,000	0,000	0,000	2,294	0,000	0,000	0,000	
insane       	0,000	0,000	0,000	0,000	0,000	0,000	4,211	
inspirational	4,429	0,000	0,000	0,000	0,000	0,000	0,000	
inspirational message	4,118	0,000	0,000	0,000	0,000	0,000	0,000	
instant      	0,000	7,997	0,000	0,000	0,000	0,000	0,000	
insult       	0,000	0,000	0,000	0,000	0,000	0,000	2,243	
integrity    	0,000	0,000	0,000	0,000	2,590	0,000	0,000	
intelligent  	1,462	0,000	0,000	0,000	0,000	0,000	0,000	
intelligent story	2,585	0,000	0,000	0,000	0,000	0,000	0,000	
intense      	3,995	0,000	0,000	0,000	0,000	0,000	0,000	
intense emotion	3,447	0,000	0,000	0,000	0,000	0,000	0,000	
intensify    	2,429	0,000	0,000	0,000	0,000	0,000	0,000	
interpersonal	0,000	0,000	0,000	0,000	3,290	0,000	0,000	
interpret    	4,955	0,000	0,000	0,000	0,000	0,000	0,000	
intimacy     	0,000	0,000	5,794	0,000	0,000	0,000	0,000	
intimate     	0,000	0,000	8,437	0,000	0,000	0,000	0,000	
intimate relationship	0,000	0,000	3,617	0,000	0,000	0,000	0,000	
intricate    	10,965	0,000	0,000	0,000	0,000	0,000	0,000	
intricate character	3,752	0,000	0,000	0,000	0,000	0,000	0,000	
intricate complex	4,118	0,000	0,000	0,000	0,000	0,000	0,000	
intricate plot	8,756	0,000	0,000	0,000	0,000	0,000	0,000	
intricate story	3,550	0,000	0,000	0,000	0,000	0,000	0,000	
intrigue     	3,949	0,000	0,000	0,000	0,000	0,000	0,000	
intriguing storyline	5,484	0,000	0,000	0,000	0,000	0,000	0,000	
introspective	2,938	0,000	0,000	0,000	0,000	0,000	0,000	
intuitive    	0,000	8,617	0,000	0,000	0,000	0,000	0,000	
irk          	0,000	0,000	0,000	0,000	0,000	0,000	3,701	
ironic       	0,000	0,000	0,000	0,000	0,000	8,977	0,000	
ironic funny 	0,000	0,000	0,000	0,000	0,000	6,524	0,000	
irony        	4,993	0,000	0,000	0,000	0,000	0,000	0,000	
irresistible 	0,000	0,000	3,002	0,000	0,000	0,000	0,000	
irresponsible	0,000	0,000	0,000	0,000	0,000	0,000	3,813	
joy          	0,000	0,000	1,270	1,270	0,000	7,514	0,000	
joy eye      	0,000	3,752	0,000	0,000	0,000	0,000	0,000	
joyful       	0,000	0,000	0,000	0,000	0,000	5,033	0,000	
joyous       	0,000	0,000	0,000	0,000	0,000	3,020	0,000	
juvenile     	0,000	0,000	0,000	3,351	0,000	0,000	0,000	
keep focus   	3,290	0,000	0,000	0,000	0,000	0,000	0,000	
keep promise 	0,000	0,000	0,000	0,000	5,325	0,000	0,000	
keep secret  	0,000	0,000	0,000	0,000	9,870	0,000	0,000	
key line     	3,752	0,000	0,000	0,000	0,000	0,000	0,000	
kid          	0,000	0,000	0,000	1,187	0,000	0,000	0,000	
kid adult    	0,000	0,000	0,000	1,926	0,000	0,000	0,000	
kid movie    	0,000	0,000	0,000	2,679	0,000	0,000	0,000	
kill opponent	0,000	0,000	0,000	0,000	0,000	0,000	3,983	
kind         	0,000	0,000	0,000	0,000	0,000	0,000	0,000	
kindness     	0,000	0,000	4,352	0,000	0,000	4,352	0,000	
kiss         	0,000	0,000	7,421	1,855	0,000	0,000	0,000	
kitten       	0,000	0,000	0,000	2,713	0,000	0,000	0,000	
knowledge    	1,838	0,000	0,000	0,000	0,000	0,000	0,000	
landscape    	0,000	2,392	0,000	0,000	0,000	0,000	0,000	
laugh        	0,000	0,000	0,000	0,000	0,996	9,628	0,000	
laugh hard   	0,000	0,000	0,000	0,000	0,000	4,414	0,000	
laughter     	0,000	0,000	0,000	0,000	0,000	3,656	0,000	
learn        	5,198	0,000	0,000	3,308	0,000	0,000	0,000	
learn talk   	0,000	0,000	0,000	4,349	0,000	0,000	0,000	
lesson learn 	0,000	0,000	0,000	8,191	0,000	0,000	0,000	
liar         	0,000	0,000	0,000	0,000	0,000	0,000	2,489	
lie          	0,000	0,000	0,000	0,000	0,000	0,000	3,061	
life change  	3,059	0,000	0,000	0,000	0,000	0,000	0,000	
life lesson  	4,445	0,000	0,000	2,963	8,889	0,000	0,000	
life partner 	0,000	0,000	3,983	0,000	0,000	0,000	0,000	
lift         	0,000	4,515	0,000	0,000	0,000	0,000	0,000	
light        	0,000	5,958	0,000	0,000	0,000	0,000	0,000	
light comedy 	0,000	5,282	0,000	0,000	0,000	0,000	0,000	
light note   	0,000	4,118	0,000	0,000	0,000	0,000	0,000	
light story  	0,000	5,551	0,000	0,000	0,000	0,000	0,000	
linear       	0,000	11,256	0,000	0,000	0,000	0,000	0,000	
linear storyline	0,000	6,177	0,000	0,000	0,000	0,000	0,000	
link         	2,004	0,000	0,000	0,000	0,000	0,000	0,000	
lip          	0,000	0,000	7,191	0,000	0,000	0,000	0,000	
little       	0,000	0,000	0,000	0,000	0,000	0,000	0,000	
little gem   	0,000	0,000	0,000	3,137	0,000	0,000	0,000	
little one   	0,000	0,000	0,000	4,643	0,000	0,000	0,000	
little simple	0,000	3,983	0,000	0,000	0,000	0,000	0,000	
lonesome     	0,000	0,000	0,000	0,000	0,000	0,000	3,656	
long last    	0,000	0,000	0,000	0,000	5,325	0,000	0,000	
look eye     	0,000	0,000	7,820	0,000	0,000	0,000	0,000	
loose        	0,000	2,658	0,000	0,000	0,000	0,000	0,000	
loosen       	0,000	3,617	0,000	0,000	0,000	0,000	0,000	
loss         	0,000	0,000	0,000	0,000	0,000	0,000	4,393	
loss friend  	0,000	0,000	0,000	0,000	0,000	0,000	6,524	
lovable      	0,000	0,000	0,000	1,972	0,000	0,000	0,000	
love         	0,000	0,000	0,719	0,719	0,000	1,678	0,000	
love life    	0,000	0,000	5,275	0,000	0,000	0,000	0,000	
love story   	0,000	0,000	7,524	0,000	0,000	0,000	0,000	
loveable     	0,000	0,000	0,000	2,948	0,000	0,000	0,000	
lovely       	0,000	0,000	1,624	1,624	0,000	10,391	0,000	
lovely heart 	0,000	0,000	4,349	0,000	0,000	0,000	0,000	
lovemaking   	0,000	0,000	3,887	0,000	0,000	0,000	0,000	
lover        	0,000	0,000	5,493	0,000	0,000	0,000	0,000	
low attention	0,000	10,296	0,000	0,000	0,000	0,000	0,000	
loyal        	0,000	0,000	0,000	0,000	11,891	0,000	0,000	
loyalty      	0,000	0,000	0,000	0,000	4,400	0,000	0,000	
lucidity     	3,983	0,000	0,000	0,000	0,000	0,000	0,000	
lucky        	0,000	0,000	0,000	0,000	0,000	3,928	0,000	
lull         	0,000	6,553	0,000	0,000	0,000	0,000	0,000	
lunatic      	0,000	0,000	0,000	0,000	0,000	0,000	4,761	
lust         	0,000	0,000	2,893	0,000	0,000	0,000	0,000	
mad          	0,000	0,000	0,000	0,000	0,000	0,000	4,538	
madness      	0,000	0,000	0,000	0,000	0,000	0,000	2,543	
magic        	0,000	0,000	0,000	10,695	0,000	0,000	0,000	
magical      	0,000	0,000	0,000	8,365	0,000	0,000	0,000	
magical atmosphere	0,000	0,000	0,000	6,524	0,000	0,000	0,000	
magical story	0,000	0,000	0,000	8,579	0,000	0,000	0,000	
magnetism    	0,000	0,000	3,550	0,000	0,000	0,000	0,000	
magnificent  	0,000	0,000	0,000	1,547	0,000	0,000	0,000	
make cry     	0,000	0,000	0,000	0,000	0,000	0,000	2,740	
make feel    	0,000	0,000	2,212	0,000	0,000	0,000	0,000	
make laugh   	0,000	0,000	0,000	0,000	2,277	7,401	0,000	
make sense   	3,701	0,000	0,000	0,000	0,000	0,000	0,000	
marriage     	0,000	0,000	7,365	0,000	0,000	0,000	0,000	
marry        	0,000	0,000	3,488	0,000	0,000	0,000	0,000	
martial art  	0,000	0,000	0,000	0,000	0,000	0,000	2,377	
marvelous    	0,000	0,000	0,000	2,184	0,000	0,000	0,000	
mate         	0,000	0,000	4,379	0,000	4,671	0,000	0,000	
mature       	1,714	0,000	0,000	0,000	0,000	0,000	0,000	
mean         	6,251	0,000	0,000	0,000	0,000	0,000	2,841	
mean word    	0,000	0,000	0,000	0,000	0,000	0,000	6,524	
meaningful   	1,866	0,000	0,000	0,000	0,000	0,000	0,000	
meditate     	2,814	7,504	0,000	0,000	0,000	0,000	0,000	
melodramatic 	0,000	0,000	2,963	0,000	0,000	0,000	0,000	
memory       	1,203	0,000	0,000	0,000	0,000	0,000	0,000	
mental       	5,816	0,000	0,000	0,000	0,000	0,000	0,000	
message      	0,000	0,000	0,000	4,669	0,000	0,000	0,000	
message be   	0,000	0,000	0,000	2,488	0,000	0,000	0,000	
metaphor     	1,540	0,000	0,000	0,000	0,000	0,000	0,000	
metaphor life	5,107	0,000	0,000	0,000	0,000	0,000	0,000	
mind         	1,936	0,000	0,000	0,000	0,000	0,000	0,000	
mind trip    	3,656	0,000	0,000	0,000	0,000	0,000	0,000	
miserable    	0,000	0,000	0,000	0,000	0,000	0,000	3,368	
misery       	0,000	0,000	0,000	0,000	0,000	0,000	2,036	
misunderstand	5,692	0,000	0,000	0,000	0,000	0,000	0,000	
mom          	0,000	0,000	0,000	5,619	0,000	0,000	0,000	
moment hilarious	0,000	6,177	0,000	0,000	0,000	0,000	0,000	
moment truth 	0,000	0,000	3,813	0,000	5,719	0,000	0,000	
mother       	0,000	0,000	0,000	1,183	0,000	0,000	0,000	
mother love  	0,000	0,000	0,000	3,184	0,000	0,000	0,000	
movie youth  	0,000	0,000	0,000	7,775	0,000	0,000	0,000	
much heart   	0,000	0,000	0,000	5,026	0,000	0,000	0,000	
musical      	0,000	0,000	0,000	3,374	0,000	0,000	0,000	
mutual       	0,000	0,000	0,000	0,000	5,085	0,000	0,000	
mysterious   	6,351	0,000	0,000	2,309	0,000	0,000	0,000	
mystery      	3,012	0,000	0,000	0,000	0,000	0,000	0,000	
mystical     	0,000	0,000	0,000	7,382	0,000	0,000	0,000	
mythical     	0,000	0,000	0,000	2,310	0,000	0,000	0,000	
narration    	1,933	0,000	0,000	0,000	0,000	0,000	0,000	
nice chemistry	0,000	0,000	2,814	0,000	0,000	0,000	0,000	
night        	0,000	1,436	0,000	0,000	0,000	0,000	0,000	
nightmare    	0,000	0,000	0,000	0,000	0,000	0,000	2,774	
nocturnal    	0,000	0,000	0,000	0,000	0,000	0,000	3,521	
nostalgia childhood	0,000	0,000	0,000	3,887	0,000	0,000	0,000	
obstacle     	2,938	0,000	0,000	0,000	0,000	0,000	0,000	
obvious      	0,000	8,565	0,000	0,000	0,000	0,000	0,000	
offend       	0,000	0,000	0,000	0,000	0,000	0,000	9,108	
old friend   	0,000	0,000	0,000	0,000	4,520	0,000	0,000	
onslaught    	0,000	0,000	0,000	0,000	0,000	0,000	3,494	
oppose       	0,000	0,000	0,000	0,000	0,000	0,000	5,144	
optimism     	0,000	0,000	0,000	0,000	0,000	6,409	0,000	
original     	0,000	0,000	0,000	0,000	0,000	0,000	0,000	
original set 	3,752	0,000	0,000	0,000	0,000	0,000	0,000	
outrage      	0,000	0,000	0,000	0,000	0,000	0,000	7,110	
overcome     	0,000	0,000	0,000	0,000	3,203	0,000	0,000	
pain         	0,000	0,000	0,000	0,000	0,000	0,000	11,015	
pair         	0,000	0,000	2,521	0,000	0,000	0,000	0,000	
parallel     	1,935	0,000	0,000	0,000	0,000	0,000	0,000	
partner      	0,000	0,000	6,574	0,000	0,000	0,000	0,000	
party        	0,000	0,000	0,000	0,000	4,607	0,000	0,000	
passion      	0,000	0,000	8,169	0,000	0,000	0,000	0,000	
passion chemistry	0,000	0,000	4,118	0,000	0,000	0,000	0,000	
passion desire	0,000	0,000	3,089	0,000	0,000	0,000	0,000	
passionate   	0,000	0,000	2,457	0,000	0,000	0,000	0,000	
patience     	0,000	0,000	0,000	0,000	5,454	0,000	0,000	
pay attention	10,281	0,000	0,000	0,000	0,000	0,000	0,000	
peace        	0,000	3,578	0,000	0,000	0,000	6,799	0,000	
peaceful     	0,000	10,335	0,000	0,000	0,000	0,000	0,000	
peaceful set 	0,000	0,000	0,000	0,000	0,000	6,524	0,000	
perceive     	2,170	0,000	0,000	0,000	0,000	0,000	0,000	
perfect date 	0,000	0,000	3,319	0,000	0,000	0,000	0,000	
perfect match	0,000	0,000	3,103	0,000	0,000	0,000	0,000	
perplex      	3,752	0,000	0,000	0,000	0,000	0,000	0,000	
personality  	0,000	0,000	0,000	0,000	1,663	0,000	0,000	
philosophy life	3,701	0,000	0,000	0,000	0,000	0,000	0,000	
physical attraction	0,000	0,000	3,617	0,000	0,000	0,000	0,000	
picture love 	0,000	0,000	3,656	0,000	0,000	0,000	0,000	
pique        	0,000	0,000	0,000	0,000	0,000	0,000	5,170	
piss         	0,000	0,000	0,000	0,000	0,000	0,000	3,447	
plain        	0,000	12,473	0,000	0,000	0,000	0,000	0,000	
plain simple 	0,000	11,565	0,000	0,000	0,000	0,000	0,000	
play         	0,000	0,000	0,000	2,735	0,000	0,000	0,000	
pleasant     	0,000	9,736	0,000	0,000	0,000	2,434	0,000	
pleasant dream	0,000	5,975	0,000	0,000	0,000	0,000	0,000	
pleasant movie	0,000	5,425	0,000	0,000	0,000	0,000	0,000	
please       	0,000	0,000	0,000	0,000	0,000	3,538	0,000	
pleasure     	0,000	0,000	0,000	0,000	0,000	9,351	0,000	
plot twist   	4,105	0,000	0,000	0,000	0,000	0,000	0,000	
poetry       	5,220	0,000	0,000	0,000	0,000	0,000	0,000	
poignant     	0,000	0,000	2,186	0,000	0,000	0,000	0,000	
point        	0,000	0,000	0,000	0,000	0,000	0,000	0,000	
popcorn      	0,000	0,000	0,000	3,212	0,000	0,000	0,000	
positive     	0,000	0,000	0,000	0,000	0,000	2,233	0,000	
powerful     	0,000	0,000	0,999	0,000	0,000	0,000	0,000	
powerful film	2,600	0,000	0,000	0,000	0,000	0,000	0,000	
powerful movie	0,000	0,000	3,990	0,000	0,000	0,000	0,000	
praise       	0,000	0,000	0,000	0,000	0,000	2,279	0,000	
predictable  	0,000	6,426	0,000	0,000	0,000	0,000	0,000	
pregnancy    	0,000	0,000	0,000	3,447	0,000	0,000	0,000	
princess     	0,000	0,000	0,000	2,679	0,000	0,000	0,000	
private      	0,000	0,000	2,266	0,000	0,000	0,000	0,000	
profound     	7,886	0,000	7,086	0,000	0,000	0,000	0,000	
profound love	0,000	0,000	7,207	0,000	0,000	0,000	0,000	
progress     	1,933	0,000	0,000	0,000	0,000	0,000	0,000	
promise      	0,000	0,000	2,289	0,000	0,000	0,000	0,000	
prosperous   	0,000	0,000	0,000	0,000	0,000	5,719	0,000	
proud        	0,000	0,000	0,000	1,747	0,000	3,493	0,000	
provoke      	1,297	0,000	0,000	0,000	0,000	0,000	4,323	
psycho       	0,000	0,000	0,000	0,000	0,000	0,000	2,722	
psychological	4,383	0,000	0,000	0,000	0,000	0,000	3,287	
psychological thriller	0,000	0,000	0,000	0,000	0,000	0,000	7,791	
psychology   	4,207	0,000	2,804	0,000	0,000	0,000	0,000	
punch face   	0,000	0,000	0,000	0,000	0,000	0,000	5,551	
punish       	0,000	0,000	0,000	0,000	0,000	0,000	7,618	
pure         	0,000	0,000	2,011	0,000	0,000	0,000	0,000	
pure poetry  	0,000	3,813	0,000	0,000	0,000	0,000	0,000	
put heart    	0,000	0,000	3,263	0,000	0,000	0,000	0,000	
puzzle       	8,065	0,000	0,000	0,000	0,000	0,000	0,000	
quiet        	0,000	8,356	0,000	0,000	0,000	0,000	0,000	
rage         	0,000	0,000	0,000	0,000	0,000	0,000	10,028	
raging       	0,000	0,000	0,000	0,000	0,000	0,000	9,745	
rational     	1,887	0,000	0,000	0,000	0,000	0,000	0,000	
raw          	0,000	0,000	0,000	0,000	0,000	0,000	1,406	
raw violent  	0,000	0,000	0,000	0,000	0,000	0,000	6,524	
rawness      	0,000	0,000	0,000	0,000	0,000	0,000	3,405	
real         	1,049	0,000	1,398	0,000	1,887	0,000	0,000	
real feeling 	0,000	0,000	3,319	0,000	0,000	0,000	0,000	
real joy     	0,000	0,000	0,000	0,000	0,000	3,425	0,000	
real life    	1,606	0,000	0,000	0,000	0,000	0,000	0,000	
real romance 	0,000	0,000	3,983	0,000	0,000	0,000	0,000	
real tension 	0,000	0,000	0,000	0,000	0,000	0,000	5,831	
realism      	0,000	0,000	0,000	0,000	0,000	0,000	2,212	
realism be   	0,000	0,000	0,000	0,000	0,000	0,000	4,520	
realize      	1,463	0,000	0,000	0,000	0,000	0,000	0,000	
refine       	3,263	0,000	0,000	0,000	0,000	0,000	0,000	
reflect      	0,000	0,000	0,000	0,000	2,289	0,000	0,000	
reflect life 	5,079	0,000	0,000	0,000	0,000	0,000	0,000	
regret       	0,000	0,000	0,000	0,000	0,000	0,000	4,110	
relationship 	0,000	0,000	4,605	0,000	0,000	0,000	0,000	
relax        	0,000	12,286	0,000	0,000	0,000	6,079	0,000	
relax movie  	0,000	6,524	0,000	0,000	0,000	0,000	0,000	
relaxation   	0,000	5,831	0,000	0,000	0,000	0,000	0,000	
relentless   	0,000	0,000	0,000	0,000	0,000	0,000	2,876	
reliable     	0,000	0,000	0,000	0,000	10,075	0,000	0,000	
reliance     	0,000	0,000	0,000	0,000	8,674	0,000	0,000	
rely         	0,000	0,000	2,501	0,000	10,254	0,000	0,000	
remember youth	0,000	0,000	0,000	6,524	0,000	0,000	0,000	
resentment   	0,000	0,000	0,000	0,000	0,000	0,000	8,617	
respect      	0,000	0,000	0,000	0,000	3,951	0,000	0,000	
rest         	0,000	4,100	0,000	0,000	0,000	0,000	0,000	
rest life    	0,000	0,000	2,948	0,000	0,000	0,000	0,000	
revenge      	0,000	0,000	0,000	0,000	0,000	0,000	6,092	
riddle       	3,386	0,000	0,000	0,000	0,000	0,000	0,000	
right heart  	0,000	0,000	3,550	0,000	0,000	0,000	0,000	
romance      	0,000	0,000	9,174	0,000	0,000	0,000	0,000	
romance passion	0,000	0,000	5,831	0,000	0,000	0,000	0,000	
romantic     	0,000	0,000	10,806	0,000	0,000	0,000	0,000	
romantic attraction	0,000	0,000	6,177	0,000	0,000	0,000	0,000	
romantic couple	0,000	0,000	8,579	0,000	0,000	0,000	0,000	
romantic feel	0,000	0,000	2,987	0,000	0,000	0,000	0,000	
romantic instinct	0,000	0,000	6,524	0,000	0,000	0,000	0,000	
romantic movie	0,000	0,000	8,771	0,000	0,000	0,000	0,000	
romantic set 	0,000	0,000	8,237	0,000	0,000	0,000	0,000	
romantic story	0,000	0,000	9,957	0,000	0,000	0,000	0,000	
romanticism  	0,000	0,000	3,447	0,000	0,000	0,000	0,000	
rude         	0,000	0,000	0,000	0,000	0,000	0,000	7,522	
sad          	0,000	0,000	0,000	0,000	0,000	0,000	1,257	
sarcastic    	4,212	0,000	0,000	0,000	0,000	0,000	0,000	
satirical    	2,160	0,000	0,000	0,000	0,000	0,000	0,000	
scare        	0,000	0,000	0,000	0,000	0,000	0,000	2,257	
scared       	0,000	0,000	0,000	0,000	0,000	0,000	2,821	
school       	0,000	0,000	0,000	5,718	0,000	0,000	0,000	
science fiction	2,137	0,000	0,000	3,206	0,000	0,000	0,000	
script       	1,247	0,000	0,000	0,000	0,000	0,000	0,000	
seductive    	0,000	0,000	7,133	0,000	0,000	0,000	0,000	
seductive ease	0,000	0,000	4,349	0,000	0,000	0,000	0,000	
see engage   	3,262	0,000	0,000	0,000	0,000	0,000	0,000	
see little   	0,000	0,000	0,000	3,066	0,000	0,000	0,000	
see red      	0,000	0,000	0,000	0,000	0,000	0,000	3,983	
selfish      	0,000	0,000	0,000	0,000	0,000	0,000	9,059	
sense justice	0,000	0,000	0,000	0,000	0,000	0,000	5,052	
senseless    	2,513	0,000	0,000	0,000	0,000	0,000	0,000	
sensibility  	0,000	0,000	2,063	0,000	0,000	0,000	0,000	
sensitive    	0,000	1,790	0,000	1,790	0,000	0,000	0,000	
sensitive child	0,000	0,000	0,000	5,831	0,000	0,000	0,000	
sensual      	0,000	0,000	5,829	0,000	0,000	0,000	0,000	
sentimental  	0,000	0,000	9,024	0,000	0,000	0,000	0,000	
sentimental nostalgic	0,000	0,000	6,524	0,000	0,000	0,000	0,000	
sex          	0,000	0,000	2,260	0,000	0,000	0,000	0,000	
sexual       	0,000	0,000	2,437	0,000	0,000	0,000	0,000	
sexuality    	0,000	0,000	4,090	0,000	0,000	0,000	0,000	
sexy         	0,000	0,000	6,842	0,000	0,000	0,000	0,000	
shameful     	0,000	0,000	0,000	0,000	0,000	0,000	2,776	
share        	0,000	0,000	0,000	0,000	9,110	0,000	0,000	
share interest	0,000	0,000	0,000	0,000	6,177	0,000	0,000	
sharpen      	2,663	0,000	0,000	0,000	0,000	0,000	0,000	
shine        	0,000	0,000	0,000	0,000	0,000	3,391	0,000	
shock        	3,442	0,000	0,000	0,000	0,000	0,000	3,442	
shocking     	0,000	0,000	0,000	0,000	0,000	0,000	2,376	
shocking scene	0,000	0,000	0,000	0,000	0,000	0,000	5,079	
shoot head   	0,000	0,000	0,000	0,000	0,000	0,000	5,484	
short movie  	0,000	10,340	0,000	0,000	0,000	0,000	0,000	
shoulder     	0,000	0,000	0,000	0,000	2,003	0,000	0,000	
silence      	0,000	1,791	0,000	0,000	0,000	0,000	0,000	
silent       	0,000	1,930	0,000	0,000	0,000	0,000	0,000	
silly        	0,000	0,000	0,000	0,000	0,000	0,000	4,304	
simple       	0,000	11,791	0,000	0,000	0,000	0,000	0,000	
simple easy  	0,000	10,483	0,000	0,000	0,000	0,000	0,000	
simple entertaining	0,000	4,349	0,000	0,000	0,000	0,000	0,000	
simple humor 	0,000	0,000	0,000	4,118	0,000	0,000	0,000	
simple light 	0,000	4,349	0,000	0,000	0,000	0,000	0,000	
simple plot  	0,000	10,706	0,000	0,000	0,000	0,000	0,000	
sincere      	0,000	0,000	0,000	0,000	8,326	2,686	0,000	
sit laugh    	0,000	0,000	0,000	0,000	0,000	9,532	0,000	
skill        	1,636	0,000	0,000	0,000	0,000	0,000	0,000	
slack        	0,000	3,752	0,000	0,000	0,000	0,000	0,000	
sleep        	0,000	3,930	0,000	0,000	0,000	0,000	0,000	
slow         	1,644	1,644	0,000	0,000	0,000	0,000	0,000	
slow pace    	0,000	4,568	0,000	0,000	0,000	0,000	0,000	
smart        	3,910	0,000	0,000	0,000	0,000	0,000	0,000	
smile        	0,000	0,000	0,000	5,997	0,000	3,271	0,000	
smooth       	0,000	7,232	0,000	0,000	0,000	0,000	0,000	
snack        	0,000	0,000	0,000	2,526	0,000	0,000	0,000	
soft         	0,000	11,281	0,000	0,000	0,000	0,000	0,000	
solidarity   	0,000	0,000	0,000	0,000	3,582	0,000	0,000	
solve        	7,438	0,000	0,000	0,000	0,000	0,000	0,000	
something laugh	0,000	0,000	0,000	0,000	0,000	6,177	0,000	
something learn	0,000	0,000	0,000	2,713	0,000	0,000	0,000	
something miss	3,319	0,000	0,000	0,000	0,000	0,000	0,000	
something new	2,407	0,000	0,000	0,000	0,000	0,000	0,000	
son          	0,000	0,000	0,000	1,341	0,000	0,000	0,000	
soothing     	0,000	7,338	0,000	0,000	0,000	0,000	0,000	
soothing voice	0,000	6,524	0,000	0,000	0,000	0,000	0,000	
sophisticated	4,344	0,000	0,000	0,000	0,000	0,000	0,000	
sorrow       	0,000	0,000	0,000	0,000	0,000	0,000	5,475	
soul         	4,243	0,000	0,000	0,000	0,000	0,000	0,000	
soul mate    	0,000	0,000	6,608	0,000	0,000	0,000	0,000	
soulmate     	0,000	0,000	3,425	0,000	0,000	0,000	0,000	
soundtrack   	0,000	0,000	0,000	0,000	0,000	0,000	0,000	
space        	0,000	0,000	0,000	2,187	0,000	0,000	0,000	
special      	1,027	0,000	0,000	0,000	0,000	0,000	0,000	
special effect	0,000	0,000	0,000	2,344	0,000	0,000	0,000	
spectacular  	0,000	0,000	0,000	0,000	0,000	1,944	0,000	
spectacular be	0,000	0,000	0,000	0,000	0,000	3,020	0,000	
speedy       	0,000	9,262	0,000	0,000	0,000	0,000	0,000	
spend hour   	0,000	8,420	0,000	0,000	0,000	0,000	0,000	
spirit friend	0,000	0,000	0,000	0,000	6,177	0,000	0,000	
spite        	0,000	0,000	0,000	0,000	0,000	0,000	3,807	
splendid     	0,000	0,000	0,000	2,480	0,000	0,000	0,000	
stay         	0,000	1,945	0,000	0,000	0,000	0,000	0,000	
stay focus   	3,617	0,000	0,000	0,000	0,000	0,000	0,000	
steep        	3,216	0,000	0,000	0,000	0,000	0,000	0,000	
stimulate    	0,000	0,000	0,000	2,074	0,000	0,000	0,000	
stop laugh   	0,000	0,000	0,000	0,000	4,935	3,290	0,000	
story complex	3,425	0,000	0,000	0,000	0,000	0,000	0,000	
storyline    	1,393	0,000	0,000	0,000	0,000	0,000	0,000	
storyline complex	6,524	0,000	0,000	0,000	0,000	0,000	0,000	
straight forward	0,000	6,177	0,000	0,000	0,000	0,000	0,000	
strategy     	2,396	0,000	0,000	0,000	0,000	0,000	0,000	
strength     	0,000	0,000	0,000	0,000	0,000	0,000	6,267	
struggle     	0,000	0,000	0,000	0,000	0,000	0,000	5,120	
student      	0,000	0,000	0,000	2,330	0,000	0,000	0,000	
study        	0,000	0,000	0,000	1,605	0,000	0,000	0,000	
subtle       	3,438	0,000	0,000	0,000	0,000	0,000	0,000	
succeed      	0,000	0,000	0,000	0,000	0,000	2,086	0,000	
success      	0,000	0,000	0,000	0,000	0,000	1,483	0,000	
superhero    	0,000	0,000	0,000	5,128	2,959	0,000	0,000	
superhero fan	0,000	0,000	0,000	5,425	0,000	0,000	0,000	
supernatural 	0,000	0,000	0,000	4,107	0,000	0,000	0,000	
support      	0,000	0,000	0,000	0,000	1,708	2,989	0,000	
supporter    	0,000	0,000	0,000	0,000	2,457	0,000	0,000	
surprise     	1,061	0,000	0,000	0,000	0,000	0,000	0,000	
surprising ending	3,494	0,000	0,000	0,000	0,000	0,000	0,000	
surreal      	1,764	0,000	0,000	0,000	0,000	0,000	0,000	
surreal trip 	0,000	0,000	0,000	6,177	0,000	0,000	0,000	
suspense     	1,332	0,000	0,000	0,000	0,000	0,000	0,000	
sweet        	0,000	0,000	2,026	3,546	0,000	10,537	0,000	
sweet delicate	0,000	0,000	6,524	0,000	0,000	0,000	0,000	
sweet heart  	0,000	0,000	0,000	4,118	0,000	0,000	0,000	
sweet right  	0,000	0,000	6,177	0,000	0,000	0,000	0,000	
sweetheart   	0,000	0,000	0,000	3,045	0,000	0,000	0,000	
symbolism    	1,950	0,000	0,000	0,000	0,000	0,000	0,000	
sympathetic  	0,000	0,000	0,000	0,000	2,341	0,000	0,000	
sympathy     	0,000	0,000	0,000	0,000	0,000	0,000	2,604	
take break   	0,000	5,894	0,000	0,000	0,000	0,000	0,000	
take breath  	0,000	0,000	5,006	0,000	0,000	0,000	0,000	
take easy    	0,000	6,810	0,000	0,000	0,000	0,000	0,000	
tale         	0,000	0,000	0,000	3,712	0,000	0,000	0,000	
teach        	1,396	0,000	0,000	0,000	0,000	0,000	0,000	
teach value  	0,000	0,000	0,000	3,550	0,000	0,000	0,000	
teddy        	0,000	0,000	0,000	2,814	0,000	0,000	0,000	
teddy bear   	0,000	0,000	0,000	3,887	0,000	0,000	0,000	
teen         	0,000	1,865	0,000	2,487	1,492	6,217	0,000	
teen life    	0,000	0,000	0,000	5,484	0,000	0,000	0,000	
teenage      	0,000	0,000	0,000	3,463	0,000	0,000	0,000	
tell truth   	0,000	0,000	0,000	0,000	4,400	0,000	0,000	
tender       	0,000	5,547	3,698	4,314	4,314	5,547	0,000	
tender heart 	0,000	0,000	0,000	5,425	0,000	0,000	0,000	
tense        	1,822	0,000	0,000	0,000	0,000	0,000	0,000	
terrible     	0,000	0,000	0,000	0,000	0,000	0,000	2,705	
theatrical   	1,695	0,000	0,000	0,000	0,000	0,000	0,000	
theatrical performance	3,887	0,000	0,000	0,000	0,000	0,000	0,000	
thief        	0,000	0,000	0,000	0,000	0,000	0,000	5,921	
think hard   	3,521	0,000	0,000	0,000	0,000	0,000	0,000	
thrilling    	1,662	0,000	0,000	0,000	0,000	0,000	2,215	
time fly     	0,000	3,447	0,000	0,000	0,000	0,000	0,000	
time life    	0,000	0,000	0,000	2,801	0,000	0,000	0,000	
time shine   	0,000	0,000	0,000	0,000	0,000	3,582	0,000	
tire         	0,000	3,930	0,000	0,000	0,000	0,000	0,000	
touch        	0,000	0,000	5,521	0,000	1,781	0,000	0,000	
touch heart  	0,000	0,000	10,245	0,000	0,000	0,000	0,000	
touch soul   	3,319	0,000	0,000	0,000	0,000	0,000	0,000	
touch story  	0,000	0,000	3,216	0,000	0,000	0,000	0,000	
tough        	0,000	0,000	0,000	0,000	0,000	0,000	5,591	
toy          	0,000	0,000	0,000	3,531	0,000	0,000	0,000	
treasure     	0,000	0,000	0,000	2,464	0,000	0,000	0,000	
triumph      	0,000	0,000	0,000	0,000	4,411	1,654	0,000	
true feeling 	0,000	0,000	3,494	0,000	10,483	0,000	0,000	
true friend  	0,000	0,000	0,000	0,000	10,409	0,000	0,000	
true friendship	0,000	0,000	0,000	0,000	5,138	0,000	0,000	
true love    	0,000	0,000	9,546	0,000	0,000	0,000	0,000	
trust        	0,000	0,000	5,917	0,000	12,899	0,000	0,000	
trustworthy  	0,000	0,000	0,000	0,000	3,582	0,000	0,000	
truth        	0,000	0,000	0,000	0,000	2,022	0,000	0,000	
twist        	1,268	0,000	0,000	0,000	0,000	0,000	0,000	
understand   	5,091	0,000	0,000	0,000	5,359	0,000	0,000	
understand movie	4,321	0,000	0,000	0,000	0,000	0,000	0,000	
understanding	0,000	0,000	0,000	0,000	2,320	0,000	0,000	
unhappy      	0,000	0,000	0,000	0,000	0,000	0,000	3,216	
unique       	0,000	0,000	0,000	0,000	1,350	0,000	0,000	
unity        	0,000	0,000	0,000	0,000	3,146	0,000	0,000	
unpredictable	5,137	0,000	0,000	0,000	0,000	0,000	0,000	
unpredictable exciting	6,524	0,000	0,000	0,000	0,000	0,000	0,000	
unpretentious	0,000	8,617	0,000	0,000	0,000	0,000	0,000	
unreal       	0,000	0,000	0,000	2,289	0,000	0,000	0,000	
unusual      	1,728	0,000	0,000	0,000	0,000	0,000	0,000	
uplift       	0,000	0,000	0,000	0,000	4,943	0,000	0,000	
upset        	0,000	0,000	0,000	0,000	0,000	0,000	1,641	
valuable lesson	0,000	0,000	0,000	5,002	0,000	0,000	0,000	
value love   	0,000	0,000	3,617	0,000	0,000	0,000	0,000	
victim       	0,000	0,000	0,000	0,000	0,000	0,000	2,550	
victim be    	0,000	0,000	0,000	0,000	0,000	0,000	5,107	
villain      	0,000	0,000	0,000	0,000	0,000	0,000	2,095	
violence     	0,000	0,000	0,000	0,000	0,000	0,000	8,098	
violence be  	0,000	0,000	0,000	0,000	0,000	0,000	4,009	
violent      	0,000	0,000	0,000	0,000	0,000	0,000	11,594	
violent scene	0,000	0,000	0,000	0,000	0,000	0,000	4,719	
visual       	1,265	0,000	0,000	0,000	0,000	0,000	0,000	
visual splendid	0,000	6,524	0,000	0,000	0,000	0,000	0,000	
wait         	0,000	2,011	0,000	0,000	0,000	0,000	0,000	
wake nightmare	0,000	0,000	0,000	0,000	0,000	0,000	6,524	
want learn   	0,000	0,000	0,000	3,155	0,000	0,000	0,000	
want more    	4,469	0,000	0,000	0,000	0,000	0,000	0,000	
war          	0,000	0,000	0,000	0,000	0,000	0,000	3,590	
war be       	0,000	0,000	0,000	0,000	0,000	0,000	3,832	
warm heart   	0,000	0,000	3,174	0,000	0,000	0,000	0,000	
watch calm   	0,000	6,524	0,000	0,000	0,000	0,000	0,000	
weaken       	0,000	4,956	0,000	0,000	0,000	0,000	0,000	
wedding      	0,000	0,000	2,630	0,000	0,000	0,000	0,000	
well deserve 	0,000	0,000	0,000	0,000	0,000	5,975	0,000	
whole family 	0,000	0,000	0,000	3,219	0,000	0,000	0,000	
wife         	0,000	0,000	5,368	0,000	0,000	0,000	0,000	
wild         	0,000	0,000	0,000	0,000	0,000	0,000	3,045	
win          	0,000	0,000	0,000	0,000	0,000	2,065	0,000	
witch        	0,000	0,000	0,000	2,729	0,000	0,000	0,000	
witty        	0,000	0,000	0,000	0,000	0,000	5,174	0,000	
witty dialogue	0,000	0,000	0,000	0,000	0,000	2,846	0,000	
witty interesting	0,000	0,000	0,000	0,000	0,000	6,177	0,000	
wizard       	0,000	0,000	0,000	2,334	0,000	0,000	0,000	
wondrous     	0,000	0,000	0,000	2,938	0,000	0,000	0,000	
wrath        	0,000	0,000	0,000	0,000	0,000	0,000	2,924	
young        	0,000	0,000	0,000	0,000	0,000	0,000	0,000	
young child  	0,000	0,000	0,000	2,668	0,000	0,000	0,000	
young lady   	0,000	0,000	0,000	3,164	0,000	0,000	0,000	
young man    	0,000	0,000	0,000	2,347	0,000	0,000	0,000	
young one    	0,000	0,000	0,000	5,170	0,000	0,000	0,000	
youth        	0,000	0,000	0,000	1,838	0,000	0,000	0,000	
